-5.102666049023768412e-08
-5.102666049026217528e-08
-5.102666049028691129e-08
-5.102666049031148848e-08
-5.102666049033316723e-08
-5.102666049035884291e-08
-5.102666049038407523e-08
-5.102666049040908917e-08
-5.102666049043244214e-08
-5.102666049045745608e-08
-5.102666049048213253e-08
-5.102666049050488331e-08
-5.102666049053008254e-08
-5.102666049055369358e-08
-5.102666049057729139e-08
-5.102666049060181564e-08
-5.102666049062588329e-08
-5.102666049065097002e-08
-5.102666049067383991e-08
-5.102666049069904576e-08
-5.102666049072357001e-08
-5.102666049074827955e-08
-5.102666049077093768e-08
-5.102666049079447593e-08
-5.102666049081996633e-08
-5.102666049084370972e-08
-5.102666049086922659e-08
-5.102666049089295013e-08
-5.102666049091672661e-08
-5.102666049094166114e-08
-5.102666049096686037e-08
-5.102666049099035892e-08
-5.102666049101360600e-08
-5.102666049103922213e-08
-5.102666049106208540e-08
-5.102666049108771477e-08
-5.102666049111262283e-08
-5.102666049113528096e-08
-5.102666049116059930e-08
-5.102666049118540149e-08
-5.102666049120817873e-08
-5.102666049123266328e-08
-5.102666049125766399e-08
-5.102666049128143385e-08
-5.102666049130534268e-08
-5.102666049132903313e-08
-5.102666049135232654e-08
-5.102666049137798237e-08
-5.102666049140380364e-08
-5.102666049142573385e-08
-5.102666049145195217e-08
-5.102666049147717125e-08
-5.102666049149996173e-08
-5.102666049152360586e-08
-5.102666049154894406e-08
-5.102666049157350801e-08
-5.102666049159721170e-08
-5.102666049162114038e-08
-5.102666049164479113e-08
-5.102666049166895804e-08
-5.102666049169569252e-08
-5.102666049171731171e-08
-5.102666049174280872e-08
-5.102666049176736606e-08
-5.102666049179086461e-08
-5.102666049181504475e-08
-5.102666049183961533e-08
-5.102666049186352415e-08
-5.102666049188930572e-08
-5.102666049191098447e-08
-5.102666049193650795e-08
-5.102666049196099250e-08
-5.102666049198507338e-08
-5.102666049200903515e-08
-5.102666049203554463e-08
-5.102666049205743514e-08
-5.102666049208261452e-08
-5.102666049210511383e-08
-5.102666049213114024e-08
-5.102666049215478437e-08
-5.102666049217990419e-08
-5.102666049220387920e-08
-5.102666049222827772e-08
-5.102666049225257697e-08
-5.102666049227755783e-08
-5.102666049229935569e-08
-5.102666049232487918e-08
-5.102666049234926446e-08
-5.102666049237308065e-08
-5.102666049239805488e-08
-5.102666049242260560e-08
-5.102666049244662031e-08
-5.102666049247042988e-08
-5.102666049249492104e-08
-5.102666049251939897e-08
-5.102666049254307619e-08
-5.102666049256751441e-08
-5.102666049259106590e-08
-5.102666049261553721e-08
-5.102666049264000852e-08
-5.102666049266426146e-08
-5.102666049269076432e-08
-5.102666049271471947e-08
-5.102666049273869448e-08
-5.102666049276228567e-08
-5.102666049278699521e-08
-5.102666049281192974e-08
-5.102666049283562019e-08
-5.102666049285905918e-08
-5.102666049288323933e-08
-5.102666049290786946e-08
-5.102666049293262532e-08
-5.102666049295592534e-08
-5.102666049298109810e-08
-5.102666049300425916e-08
-5.102666049302835327e-08
-5.102666049305222240e-08
-5.102666049307723634e-08
-5.102666049310138340e-08
-5.102666049312473636e-08
-5.102666049315041866e-08
-5.102666049317391059e-08
-5.102666049319862013e-08
-5.102666049322345540e-08
-5.102666049324690101e-08
-5.102666049327176937e-08
-5.102666049329489734e-08
-5.102666049332066567e-08
-5.102666049334350909e-08
-5.102666049336826495e-08
-5.102666049339253774e-08
-5.102666049341767741e-08
-5.102666049343962748e-08
-5.102666049346690458e-08
-5.102666049349078694e-08
-5.102666049351365683e-08
-5.102666049353963692e-08
-5.102666049356368472e-08
-5.102666049358652813e-08
-5.102666049361070166e-08
-5.102666049363522591e-08
-5.102666049365928032e-08
-5.102666049368490307e-08
-5.102666049370759429e-08
-5.102666049373244941e-08
-5.102666049375752953e-08
-5.102666049378196775e-08
-5.102666049380653171e-08
-5.102666049382965968e-08
-5.102666049385436922e-08
-5.102666049387650457e-08
-5.102666049390201482e-08
-5.102666049392516264e-08
-5.102666049395041481e-08
-5.102666049397504494e-08
-5.102666049400031035e-08
-5.102666049402281628e-08
-5.102666049404894195e-08
-5.102666049407271181e-08
-5.102666049409562141e-08
-5.102666049412193898e-08
-5.102666049414582796e-08
-5.102666049417177496e-08
-5.102666049419422795e-08
-5.102666049421799781e-08
-5.102666049424293896e-08
-5.102666049426647722e-08
-5.102666049429202055e-08
-5.102666049431426179e-08
-5.102666049434057275e-08
-5.102666049436347572e-08
-5.102666049438766248e-08
-5.102666049441203453e-08
-5.102666049443735950e-08
-5.102666049446160581e-08
-5.102666049448540876e-08
-5.102666049451097857e-08
-5.102666049453429183e-08
-5.102666049455667203e-08
-5.102666049458099114e-08
-5.102666049460524407e-08
-5.102666049463103226e-08
-5.102666049465540430e-08
