-2.911835910068804890e-08
-2.911835910070503919e-08
-2.911835910072020637e-08
-2.911835910073549929e-08
-2.911835910075170872e-08
-2.911835910076690568e-08
-2.911835910078176515e-08
-2.911835910079667095e-08
-2.911835910081158998e-08
-2.911835910082770676e-08
-2.911835910084334048e-08
-2.911835910085990394e-08
-2.911835910087353588e-08
-2.911835910088908026e-08
-2.911835910090524998e-08
-2.911835910091985799e-08
-2.911835910093549832e-08
-2.911835910095146291e-08
-2.911835910096664333e-08
-2.911835910098261784e-08
-2.911835910099775525e-08
-2.911835910101242612e-08
-2.911835910102924105e-08
-2.911835910104482513e-08
-2.911835910106014782e-08
-2.911835910107538449e-08
-2.911835910109043587e-08
-2.911835910110655927e-08
-2.911835910112130625e-08
-2.911835910113694327e-08
-2.911835910115239501e-08
-2.911835910116683427e-08
-2.911835910118290143e-08
-2.911835910119857154e-08
-2.911835910121481736e-08
-2.911835910123072239e-08
-2.911835910124524438e-08
-2.911835910126029245e-08
-2.911835910127575411e-08
-2.911835910129149370e-08
-2.911835910130660794e-08
-2.911835910132254275e-08
-2.911835910133810698e-08
-2.911835910135317490e-08
-2.911835910136837517e-08
-2.911835910138437615e-08
-2.911835910139909997e-08
-2.911835910141489912e-08
-2.911835910142983138e-08
-2.911835910144668271e-08
-2.911835910146118484e-08
-2.911835910147595497e-08
-2.911835910149209161e-08
-2.911835910150820509e-08
-2.911835910152318037e-08
-2.911835910153857255e-08
-2.911835910155263793e-08
-2.911835910156993924e-08
-2.911835910158571192e-08
-2.911835910160003868e-08
-2.911835910161541432e-08
-2.911835910163161051e-08
-2.911835910164716482e-08
-2.911835910166260001e-08
-2.911835910167784329e-08
-2.911835910169322223e-08
-2.911835910170845559e-08
-2.911835910172386762e-08
-2.911835910173939876e-08
-2.911835910175444022e-08
-2.911835910177075884e-08
-2.911835910178486392e-08
-2.911835910180114945e-08
-2.911835910181726955e-08
-2.911835910183151691e-08
-2.911835910184792486e-08
-2.911835910186323101e-08
-2.911835910187825261e-08
-2.911835910189405507e-08
-2.911835910190984760e-08
-2.911835910192541845e-08
-2.911835910194031432e-08
-2.911835910195634177e-08
-2.911835910197130381e-08
-2.911835910198677871e-08
-2.911835910200165803e-08
-2.911835910201775166e-08
-2.911835910203262106e-08
-2.911835910204820845e-08
-2.911835910206440465e-08
-2.911835910207874465e-08
-2.911835910209408719e-08
-2.911835910211004516e-08
-2.911835910212579468e-08
-2.911835910214038284e-08
-2.911835910215666837e-08
-2.911835910217222929e-08
-2.911835910218747258e-08
-2.911835910220308975e-08
-2.911835910221867052e-08
-2.911835910223458217e-08
-2.911835910225005044e-08
-2.911835910226435736e-08
-2.911835910228102009e-08
-2.911835910229633616e-08
-2.911835910231147688e-08
-2.911835910232686244e-08
-2.911835910234245644e-08
-2.911835910235760378e-08
-2.911835910237286030e-08
-2.911835910238847747e-08
-2.911835910240510049e-08
-2.911835910241896403e-08
-2.911835910243494847e-08
-2.911835910244969214e-08
-2.911835910246600083e-08
-2.911835910248179006e-08
-2.911835910249565029e-08
-2.911835910251292183e-08
-2.911835910252700375e-08
-2.911835910254315362e-08
-2.911835910255859543e-08
-2.911835910257308433e-08
-2.911835910258950221e-08
-2.911835910260455359e-08
-2.911835910261962482e-08
-2.911835910263594343e-08
-2.911835910265111062e-08
-2.911835910266679727e-08
-2.911835910268125308e-08
-2.911835910269644342e-08
-2.911835910271277197e-08
-2.911835910272782997e-08
-2.911835910274302031e-08
-2.911835910275923636e-08
-2.911835910277383113e-08
-2.911835910279062290e-08
-2.911835910280569413e-08
-2.911835910282024258e-08
-2.911835910283623695e-08
-2.911835910285173831e-08
-2.911835910286724630e-08
-2.911835910288232414e-08
-2.911835910289771632e-08
-2.911835910291413751e-08
-2.911835910292898706e-08
-2.911835910294516671e-08
-2.911835910296093608e-08
-2.911835910297617275e-08
-2.911835910299065833e-08
-2.911835910300554428e-08
-2.911835910302273971e-08
-2.911835910303680509e-08
-2.911835910305261416e-08
-2.911835910306771848e-08
-2.911835910308450032e-08
-2.911835910309893628e-08
-2.911835910311361708e-08
-2.911835910312996878e-08
-2.911835910314479186e-08
-2.911835910316093181e-08
-2.911835910317738278e-08
-2.911835910319158381e-08
-2.911835910320725392e-08
-2.911835910322213325e-08
-2.911835910323876289e-08
-2.911835910325395323e-08
-2.911835910326859433e-08
-2.911835910328452252e-08
-2.911835910330010991e-08
-2.911835910331518114e-08
-2.911835910333085125e-08
-2.911835910334718972e-08
-2.911835910336142715e-08
-2.911835910337706087e-08
-2.911835910339264164e-08
-2.911835910340839116e-08
-2.911835910342363114e-08
-2.911835910343919537e-08
-2.911835910345466695e-08
-2.911835910347083999e-08
-2.911835910348556049e-08
-2.911835910350027107e-08
