1.278267635421367043e-06
1.278267635420966820e-06
1.278267635420580149e-06
1.278267635420223336e-06
1.278267635419830101e-06
1.278267635419414632e-06
1.278267635419006785e-06
1.278267635418633667e-06
1.278267635418218198e-06
1.278267635417845927e-06
1.278267635417466668e-06
1.278267635417048022e-06
1.278267635416678504e-06
1.278267635416280822e-06
1.278267635415897539e-06
1.278267635415501551e-06
1.278267635415108528e-06
1.278267635414706823e-06
1.278267635414323964e-06
1.278267635413937928e-06
1.278267635413543423e-06
1.278267635413150611e-06
1.278267635412767117e-06
1.278267635412358636e-06
1.278267635411972389e-06
1.278267635411585506e-06
1.278267635411175331e-06
1.278267635410814283e-06
1.278267635410406860e-06
1.278267635410014472e-06
1.278267635409608743e-06
1.278267635409226731e-06
1.278267635408851072e-06
1.278267635408441108e-06
1.278267635408050202e-06
1.278267635407683014e-06
1.278267635407262462e-06
1.278267635406887226e-06
1.278267635406496744e-06
1.278267635406124261e-06
1.278267635405716838e-06
1.278267635405328474e-06
1.278267635404904534e-06
1.278267635404545815e-06
1.278267635404138393e-06
1.278267635403756592e-06
1.278267635403362299e-06
1.278267635402977746e-06
1.278267635402572017e-06
1.278267635402209699e-06
1.278267635401803970e-06
1.278267635401430005e-06
1.278267635401005006e-06
1.278267635400629982e-06
1.278267635400254958e-06
1.278267635399834618e-06
1.278267635399450489e-06
1.278267635399070806e-06
1.278267635398669524e-06
1.278267635398294924e-06
1.278267635397892372e-06
1.278267635397491513e-06
1.278267635397105054e-06
1.278267635396701232e-06
1.278267635396322608e-06
1.278267635395928737e-06
1.278267635395521103e-06
1.278267635395135279e-06
1.278267635394763644e-06
1.278267635394359609e-06
1.278267635393977809e-06
1.278267635393580762e-06
1.278267635393192821e-06
1.278267635392813562e-06
1.278267635392423080e-06
1.278267635392016716e-06
1.278267635391619246e-06
1.278267635391231516e-06
1.278267635390856281e-06
1.278267635390427894e-06
1.278267635390051811e-06
1.278267635389665564e-06
1.278267635389285670e-06
1.278267635388871682e-06
1.278267635388490518e-06
1.278267635388088177e-06
1.278267635387719082e-06
1.278267635387318648e-06
1.278267635386943412e-06
1.278267635386524978e-06
1.278267635386151860e-06
1.278267635385772177e-06
1.278267635385371954e-06
1.278267635384979354e-06
1.278267635384579555e-06
1.278267635384184837e-06
1.278267635383790544e-06
1.278267635383403873e-06
1.278267635382998144e-06
1.278267635382625873e-06
1.278267635382239626e-06
1.278267635381843215e-06
1.278267635381446168e-06
1.278267635381044039e-06
1.278267635380664145e-06
1.278267635380296956e-06
1.278267635379877040e-06
1.278267635379495239e-06
1.278267635379089299e-06
1.278267635378712793e-06
1.278267635378301558e-06
1.278267635377910017e-06
1.278267635377534782e-06
1.278267635377139217e-06
1.278267635376754241e-06
1.278267635376339406e-06
1.278267635375969888e-06
1.278267635375581524e-06
1.278267635375164572e-06
1.278267635374803948e-06
1.278267635374416218e-06
1.278267635374004137e-06
1.278267635373625725e-06
1.278267635373210890e-06
1.278267635372848995e-06
1.278267635372432679e-06
1.278267635372041773e-06
1.278267635371657644e-06
1.278267635371252127e-06
1.278267635370873079e-06
1.278267635370469045e-06
1.278267635370102491e-06
1.278267635369692951e-06
1.278267635369317927e-06
1.278267635368922786e-06
1.278267635368517269e-06
1.278267635368126152e-06
1.278267635367734822e-06
1.278267635367345611e-06
1.278267635366941152e-06
1.278267635366536059e-06
1.278267635366185387e-06
1.278267635365798928e-06
1.278267635365400611e-06
1.278267635364997635e-06
1.278267635364597412e-06
1.278267635364227471e-06
1.278267635363828518e-06
1.278267635363425330e-06
1.278267635363049248e-06
1.278267635362652413e-06
1.278267635362270189e-06
1.278267635361860861e-06
1.278267635361462120e-06
1.278267635361080531e-06
1.278267635360683697e-06
1.278267635360306979e-06
1.278267635359892144e-06
1.278267635359522414e-06
1.278267635359112662e-06
1.278267635358723239e-06
1.278267635358332968e-06
1.278267635357972979e-06
1.278267635357566404e-06
1.278267635357158557e-06
1.278267635356762357e-06
1.278267635356395169e-06
1.278267635356022474e-06
1.278267635355626486e-06
1.278267635355233887e-06
1.278267635354821381e-06
1.278267635354435134e-06
1.278267635354018183e-06
1.278267635353643159e-06
1.278267635353256700e-06
1.278267635352874476e-06
1.278267635352480394e-06
1.278267635352067889e-06
1.278267635351683336e-06
1.278267635351297513e-06
1.278267635350891360e-06
1.278267635350534124e-06
1.278267635350130090e-06
