-5.782522419829743927e-09
-5.782522419838184478e-09
-5.782522419845902900e-09
-5.782522419854027468e-09
-5.782522419862606158e-09
-5.782522419870655453e-09
-5.782522419878490508e-09
-5.782522419886429787e-09
-5.782522419894787620e-09
-5.782522419903150416e-09
-5.782522419911767156e-09
-5.782522419919231634e-09
-5.782522419927361993e-09
-5.782522419935864582e-09
-5.782522419943970125e-09
-5.782522419951864737e-09
-5.782522419960057961e-09
-5.782522419968386015e-09
-5.782522419976909284e-09
-5.782522419984246376e-09
-5.782522419992763028e-09
-5.782522420001011673e-09
-5.782522420009405074e-09
-5.782522420017272389e-09
-5.782522420025773324e-09
-5.782522420033619960e-09
-5.782522420042218502e-09
-5.782522420049577101e-09
-5.782522420058029232e-09
-5.782522420066091762e-09
-5.782522420074433878e-09
-5.782522420082430233e-09
-5.782522420090973355e-09
-5.782522420098925042e-09
-5.782522420106794838e-09
-5.782522420115179141e-09
-5.782522420123577506e-09
-5.782522420131662369e-09
-5.782522420139836568e-09
-5.782522420147906542e-09
-5.782522420155788746e-09
-5.782522420163952191e-09
-5.782522420171996523e-09
-5.782522420180202154e-09
-5.782522420188523591e-09
-5.782522420197037761e-09
-5.782522420204481560e-09
-5.782522420212721933e-09
-5.782522420221277462e-09
-5.782522420229674173e-09
-5.782522420237480276e-09
-5.782522420245384814e-09
-5.782522420253116471e-09
-5.782522420262161691e-09
-5.782522420270170454e-09
-5.782522420278436470e-09
-5.782522420286390638e-09
-5.782522420294670716e-09
-5.782522420303083143e-09
-5.782522420311070399e-09
-5.782522420319230536e-09
-5.782522420327213656e-09
-5.782522420335524340e-09
-5.782522420343843295e-09
-5.782522420351640299e-09
-5.782522420359409180e-09
-5.782522420368157442e-09
-5.782522420376262158e-09
-5.782522420383989679e-09
-5.782522420392833067e-09
-5.782522420400651578e-09
-5.782522420408269084e-09
-5.782522420416660004e-09
-5.782522420425074086e-09
-5.782522420433530353e-09
-5.782522420441405112e-09
-5.782522420449620670e-09
-5.782522420457929699e-09
-5.782522420466118788e-09
-5.782522420474299604e-09
-5.782522420481880714e-09
-5.782522420490807647e-09
-5.782522420498197679e-09
-5.782522420506853297e-09
-5.782522420514826491e-09
-5.782522420523108223e-09
-5.782522420530523070e-09
-5.782522420539182824e-09
-5.782522420547308219e-09
-5.782522420555170571e-09
-5.782522420563800546e-09
-5.782522420571982190e-09
-5.782522420579913197e-09
-5.782522420588277648e-09
-5.782522420596373264e-09
-5.782522420604013932e-09
-5.782522420612399061e-09
-5.782522420620977752e-09
-5.782522420628937711e-09
-5.782522420637494067e-09
-5.782522420645669093e-09
-5.782522420653466097e-09
-5.782522420661653531e-09
-5.782522420669794643e-09
-5.782522420678151648e-09
-5.782522420685918874e-09
-5.782522420694291596e-09
-5.782522420702277198e-09
-5.782522420710860024e-09
-5.782522420718934134e-09
-5.782522420726550813e-09
-5.782522420734774643e-09
-5.782522420743152328e-09
-5.782522420751465493e-09
-5.782522420759693459e-09
-5.782522420767895782e-09
-5.782522420775691132e-09
-5.782522420784267340e-09
-5.782522420792360476e-09
-5.782522420800446993e-09
-5.782522420808496288e-09
-5.782522420816850812e-09
-5.782522420824702410e-09
-5.782522420832754186e-09
-5.782522420841319642e-09
-5.782522420848925567e-09
-5.782522420857759029e-09
-5.782522420865934882e-09
-5.782522420874299333e-09
-5.782522420882099646e-09
-5.782522420890228350e-09
-5.782522420898283434e-09
-5.782522420906483276e-09
-5.782522420914463087e-09
-5.782522420923027715e-09
-5.782522420931355770e-09
-5.782522420938945152e-09
-5.782522420947317874e-09
-5.782522420955255499e-09
-5.782522420963175754e-09
-5.782522420971453350e-09
-5.782522420979448051e-09
-5.782522420988202930e-09
-5.782522420995942032e-09
-5.782522421004330471e-09
-5.782522421012597314e-09
-5.782522421020660670e-09
-5.782522421028656198e-09
-5.782522421036832878e-09
-5.782522421045240342e-09
-5.782522421053590730e-09
-5.782522421061608592e-09
-5.782522421069401461e-09
-5.782522421077497904e-09
-5.782522421086183301e-09
-5.782522421093715608e-09
-5.782522421102148714e-09
-5.782522421110261701e-09
-5.782522421118752710e-09
-5.782522421126867352e-09
-5.782522421134291298e-09
-5.782522421143189280e-09
-5.782522421151461086e-09
-5.782522421159633631e-09
-5.782522421167815274e-09
-5.782522421175279752e-09
-5.782522421183999063e-09
-5.782522421191948268e-09
-5.782522421200887609e-09
-5.782522421207945114e-09
-5.782522421216424543e-09
-5.782522421224680632e-09
-5.782522421232915215e-09
-5.782522421240909916e-09
-5.782522421248920333e-09
-5.782522421257002715e-09
-5.782522421264963501e-09
-5.782522421273777938e-09
-5.782522421281542682e-09
-5.782522421290064297e-09
-5.782522421298090430e-09
-5.782522421306430065e-09
-5.782522421314371826e-09
