9.384931765638611391e-08
9.384931765706760486e-08
9.384931765776996723e-08
9.384931765841453283e-08
9.384931765911116449e-08
9.384931765978999522e-08
9.384931766047746834e-08
9.384931766118460850e-08
9.384931766179946177e-08
9.384931766247380588e-08
9.384931766319211629e-08
9.384931766386467368e-08
9.384931766453073275e-08
9.384931766520575183e-08
9.384931766585320264e-08
9.384931766656635144e-08
9.384931766726204343e-08
9.384931766794530785e-08
9.384931766864335564e-08
9.384931766929209023e-08
9.384931767000820365e-08
9.384931767062493628e-08
9.384931767129353644e-08
9.384931767201624083e-08
9.384931767268187638e-08
9.384931767334925894e-08
9.384931767404070252e-08
9.384931767473618274e-08
9.384931767544128473e-08
9.384931767610040871e-08
9.384931767676881035e-08
9.384931767740718203e-08
9.384931767817816730e-08
9.384931767877778722e-08
9.384931767951375297e-08
9.384931768016296402e-08
9.384931768085590314e-08
9.384931768148595007e-08
9.384931768220592808e-08
9.384931768289083362e-08
9.384931768354956056e-08
9.384931768429858915e-08
9.384931768492090690e-08
9.384931768559315989e-08
9.384931768632302436e-08
9.384931768696561797e-08
9.384931768764655305e-08
9.384931768833202769e-08
9.384931768902112870e-08
9.384931768968140412e-08
9.384931769039461909e-08
9.384931769102508954e-08
9.384931769172578431e-08
9.384931769241026634e-08
9.384931769307921061e-08
9.384931769376377205e-08
9.384931769444936581e-08
9.384931769510506196e-08
9.384931769584960392e-08
9.384931769647315252e-08
9.384931769718185440e-08
9.384931769782422301e-08
9.384931769852336930e-08
9.384931769925347199e-08
9.384931769993861577e-08
9.384931770054408551e-08
9.384931770125565936e-08
9.384931770194113400e-08
9.384931770258131886e-08
9.384931770322919318e-08
9.384931770396171786e-08
9.384931770461830075e-08
9.384931770529506684e-08
9.384931770599556308e-08
9.384931770670358998e-08
9.384931770735070992e-08
9.384931770803189646e-08
9.384931770873949985e-08
9.384931770943287572e-08
9.384931771006824308e-08
9.384931771074299746e-08
9.384931771148028671e-08
9.384931771212153035e-08
9.384931771277461922e-08
9.384931771347520812e-08
9.384931771414128041e-08
9.384931771483808413e-08
9.384931771554535664e-08
9.384931771618452241e-08
9.384931771683246291e-08
9.384931771754710725e-08
9.384931771826242657e-08
9.384931771888993241e-08
9.384931771960646934e-08
9.384931772025071730e-08
9.384931772091219710e-08
9.384931772163148689e-08
9.384931772228908886e-08
9.384931772295778166e-08
9.384931772368294775e-08
9.384931772436421370e-08
9.384931772500340594e-08
9.384931772570284339e-08
9.384931772637941096e-08
9.384931772702686177e-08
9.384931772776444218e-08
9.384931772841367970e-08
9.384931772910055724e-08
9.384931772977557633e-08
9.384931773047039481e-08
9.384931773113395248e-08
9.384931773186172583e-08
9.384931773252844664e-08
9.384931773323573239e-08
9.384931773386424407e-08
9.384931773451168164e-08
9.384931773523593452e-08
9.384931773588493381e-08
9.384931773662729201e-08
9.384931773726676218e-08
9.384931773796085274e-08
9.384931773862888381e-08
9.384931773930567637e-08
9.384931773993987905e-08
9.384931774067407133e-08
9.384931774133416146e-08
9.384931774202580356e-08
9.384931774268482166e-08
9.384931774339002953e-08
9.384931774406713973e-08
9.384931774472294175e-08
9.384931774543264948e-08
9.384931774609444691e-08
9.384931774678014655e-08
9.384931774743716619e-08
9.384931774815502661e-08
9.384931774879198215e-08
9.384931774949016229e-08
9.384931775017553106e-08
9.384931775090494554e-08
9.384931775150756978e-08
9.384931775221838924e-08
9.384931775286889731e-08
9.384931775356298787e-08
9.384931775419057311e-08
9.384931775489345164e-08
9.384931775564656981e-08
9.384931775630955838e-08
9.384931775698481569e-08
9.384931775765782307e-08
9.384931775833312009e-08
9.384931775902809739e-08
9.384931775967190860e-08
9.384931776036198899e-08
9.384931776107336432e-08
9.384931776175265827e-08
9.384931776239198286e-08
9.384931776308603372e-08
9.384931776375914698e-08
9.384931776446292548e-08
9.384931776515607636e-08
9.384931776580958875e-08
9.384931776649497075e-08
9.384931776716309446e-08
9.384931776790105868e-08
9.384931776853065562e-08
9.384931776921524353e-08
9.384931776984118764e-08
9.384931777056225091e-08
9.384931777128417444e-08
9.384931777192328727e-08
9.384931777260332238e-08
9.384931777327737532e-08
9.384931777396487490e-08
9.384931777464300419e-08
9.384931777533960938e-08
9.384931777600778602e-08
9.384931777666962316e-08
9.384931777732919713e-08
9.384931777804312679e-08
9.384931777874203485e-08
9.384931777940600280e-08
9.384931778004565826e-08
