2.859476776400359160e-07
2.859476776401545006e-07
2.859476776402604856e-07
2.859476776403716057e-07
2.859476776404801318e-07
2.859476776405943754e-07
2.859476776406999368e-07
2.859476776408115334e-07
2.859476776409211183e-07
2.859476776410254093e-07
2.859476776411416645e-07
2.859476776412444732e-07
2.859476776413575520e-07
2.859476776414680898e-07
2.859476776415757160e-07
2.859476776416838186e-07
2.859476776417934034e-07
2.859476776419036765e-07
2.859476776420089204e-07
2.859476776421200405e-07
2.859476776422337547e-07
2.859476776423348163e-07
2.859476776424448247e-07
2.859476776425603918e-07
2.859476776426625651e-07
2.859476776427801968e-07
2.859476776428844348e-07
2.859476776429940726e-07
2.859476776431026517e-07
2.859476776432161012e-07
2.859476776433170040e-07
2.859476776434272241e-07
2.859476776435400383e-07
2.859476776436508938e-07
2.859476776437561905e-07
2.859476776438688459e-07
2.859476776439790661e-07
2.859476776440895509e-07
2.859476776441907184e-07
2.859476776443007798e-07
2.859476776444120587e-07
2.859476776445250847e-07
2.859476776446316520e-07
2.859476776447442015e-07
2.859476776448544746e-07
2.859476776449541069e-07
2.859476776450694092e-07
2.859476776451770354e-07
2.859476776452786264e-07
2.859476776453982168e-07
2.859476776455108722e-07
2.859476776456141044e-07
2.859476776457218893e-07
2.859476776458372975e-07
2.859476776459430178e-07
2.859476776460533968e-07
2.859476776461622406e-07
2.859476776462762724e-07
2.859476776463743164e-07
2.859476776464941187e-07
2.859476776465992037e-07
2.859476776467136061e-07
2.859476776468174205e-07
2.859476776469284348e-07
2.859476776470379138e-07
2.859476776471437400e-07
2.859476776472544895e-07
2.859476776473652920e-07
2.859476776474738711e-07
2.859476776475814443e-07
2.859476776476831412e-07
2.859476776477994494e-07
2.859476776479098813e-07
2.859476776480153369e-07
2.859476776481210572e-07
2.859476776482386889e-07
2.859476776483458915e-07
2.859476776484560058e-07
2.859476776485668083e-07
2.859476776486728462e-07
2.859476776487817958e-07
2.859476776488923866e-07
2.859476776489997480e-07
2.859476776491098093e-07
2.859476776492187590e-07
2.859476776493294556e-07
2.859476776494445991e-07
2.859476776495412138e-07
2.859476776496551397e-07
2.859476776497722420e-07
2.859476776498776976e-07
2.859476776499869649e-07
2.859476776500890324e-07
2.859476776502016348e-07
2.859476776503141843e-07
2.859476776504193752e-07
2.859476776505257308e-07
2.859476776506436272e-07
2.859476776507557002e-07
2.859476776508594618e-07
2.859476776509698937e-07
2.859476776510882665e-07
2.859476776511891164e-07
2.859476776512927191e-07
2.859476776514076509e-07
2.859476776515153829e-07
2.859476776516235914e-07
2.859476776517332821e-07
2.859476776518418612e-07
2.859476776519450404e-07
2.859476776520638367e-07
2.859476776521697159e-07
2.859476776522775537e-07
2.859476776523917973e-07
2.859476776524928060e-07
2.859476776526047732e-07
2.859476776527205520e-07
2.859476776528249488e-07
2.859476776529346925e-07
2.859476776530471891e-07
2.859476776531537564e-07
2.859476776532599002e-07
2.859476776533763672e-07
2.859476776534777465e-07
2.859476776535862726e-07
2.859476776537007809e-07
2.859476776538078246e-07
2.859476776539140743e-07
2.859476776540221769e-07
2.859476776541331382e-07
2.859476776542444172e-07
2.859476776543560667e-07
2.859476776544639575e-07
2.859476776545729601e-07
2.859476776546864625e-07
2.859476776547914946e-07
2.859476776549019795e-07
2.859476776550066939e-07
2.859476776551153259e-07
2.859476776552290400e-07
2.859476776553365074e-07
2.859476776554513333e-07
2.859476776555531360e-07
2.859476776556654208e-07
2.859476776557746881e-07
2.859476776558795084e-07
2.859476776559871875e-07
2.859476776561024898e-07
2.859476776562136629e-07
2.859476776563243595e-07
2.859476776564263741e-07
2.859476776565402471e-07
2.859476776566529554e-07
2.859476776567630697e-07
2.859476776568712252e-07
2.859476776569712809e-07
2.859476776570853128e-07
2.859476776571951623e-07
2.859476776572962240e-07
2.859476776574158674e-07
2.859476776575260346e-07
2.859476776576260904e-07
2.859476776577409692e-07
2.859476776578465836e-07
2.859476776579609331e-07
2.859476776580693003e-07
2.859476776581718443e-07
2.859476776582829644e-07
2.859476776584047783e-07
2.859476776585104457e-07
2.859476776586162719e-07
2.859476776587264391e-07
2.859476776588309418e-07
2.859476776589396796e-07
2.859476776590485763e-07
2.859476776591588494e-07
2.859476776592715048e-07
2.859476776593772251e-07
2.859476776594877629e-07
2.859476776595913656e-07
2.859476776597060327e-07
2.859476776598185293e-07
2.859476776599258907e-07
