-2.476486466406499113e-07
-2.476486466407099977e-07
-2.476486466407770192e-07
-2.476486466408408643e-07
-2.476486466409080975e-07
-2.476486466409688721e-07
-2.476486466410374289e-07
-2.476486466410999505e-07
-2.476486466411677661e-07
-2.476486466412296524e-07
-2.476486466412950328e-07
-2.476486466413580838e-07
-2.476486466414220348e-07
-2.476486466414877328e-07
-2.476486466415501485e-07
-2.476486466416175406e-07
-2.476486466416803269e-07
-2.476486466417475601e-07
-2.476486466418068524e-07
-2.476486466418746680e-07
-2.476486466419358132e-07
-2.476486466420057993e-07
-2.476486466420705973e-07
-2.476486466421355012e-07
-2.476486466421977581e-07
-2.476486466422620267e-07
-2.476486466423309541e-07
-2.476486466423875994e-07
-2.476486466424526092e-07
-2.476486466425204777e-07
-2.476486466425865992e-07
-2.476486466426527736e-07
-2.476486466427150835e-07
-2.476486466427782933e-07
-2.476486466428435149e-07
-2.476486466429075717e-07
-2.476486466429765520e-07
-2.476486466430341502e-07
-2.476486466431010129e-07
-2.476486466431664462e-07
-2.476486466432305030e-07
-2.476486466432953011e-07
-2.476486466433605226e-07
-2.476486466434220913e-07
-2.476486466434871540e-07
-2.476486466435550755e-07
-2.476486466436152678e-07
-2.476486466436844598e-07
-2.476486466437511107e-07
-2.476486466438142146e-07
-2.476486466438775833e-07
-2.476486466439383579e-07
-2.476486466440069676e-07
-2.476486466440673187e-07
-2.476486466441367754e-07
-2.476486466441961735e-07
-2.476486466442688066e-07
-2.476486466443322282e-07
-2.476486466443906735e-07
-2.476486466444554715e-07
-2.476486466445260399e-07
-2.476486466445869204e-07
-2.476486466446491774e-07
-2.476486466447142930e-07
-2.476486466447804675e-07
-2.476486466448461125e-07
-2.476486466449111223e-07
-2.476486466449765026e-07
-2.476486466450360067e-07
-2.476486466451047752e-07
-2.476486466451689379e-07
-2.476486466452362771e-07
-2.476486466452963635e-07
-2.476486466453624320e-07
-2.476486466454317299e-07
-2.476486466454908105e-07
-2.476486466455582025e-07
-2.476486466456196653e-07
-2.476486466456888044e-07
-2.476486466457460850e-07
-2.476486466458105125e-07
-2.476486466458834102e-07
-2.476486466459396850e-07
-2.476486466460055947e-07
-2.476486466460733044e-07
-2.476486466461343967e-07
-2.476486466462005711e-07
-2.476486466462627751e-07
-2.476486466463306436e-07
-2.476486466464010003e-07
-2.476486466464598162e-07
-2.476486466465224966e-07
-2.476486466465858123e-07
-2.476486466466533102e-07
-2.476486466467227140e-07
-2.476486466467780888e-07
-2.476486466468477572e-07
-2.476486466469100671e-07
-2.476486466469753945e-07
-2.476486466470441630e-07
-2.476486466471030318e-07
-2.476486466471694180e-07
-2.476486466472337925e-07
-2.476486466473008669e-07
-2.476486466473654532e-07
-2.476486466474277631e-07
-2.476486466474930375e-07
-2.476486466475581532e-07
-2.476486466476200925e-07
-2.476486466476926197e-07
-2.476486466477479415e-07
-2.476486466478161277e-07
-2.476486466478814551e-07
-2.476486466479482648e-07
-2.476486466480089335e-07
-2.476486466480702375e-07
-2.476486466481395884e-07
-2.476486466482006277e-07
-2.476486466482691315e-07
-2.476486466483399646e-07
-2.476486466483968217e-07
-2.476486466484625197e-07
-2.476486466485309705e-07
-2.476486466485874570e-07
-2.476486466486575490e-07
-2.476486466487134532e-07
-2.476486466487843393e-07
-2.476486466488468609e-07
-2.476486466489130883e-07
-2.476486466489782569e-07
-2.476486466490414667e-07
-2.476486466491064765e-07
-2.476486466491711686e-07
-2.476486466492404136e-07
-2.476486466493006588e-07
-2.476486466493654039e-07
-2.476486466494284019e-07
-2.476486466494941529e-07
-2.476486466495536569e-07
-2.476486466496250724e-07
-2.476486466496866940e-07
-2.476486466497487392e-07
-2.476486466498195194e-07
-2.476486466498805587e-07
-2.476486466499492213e-07
-2.476486466500112665e-07
-2.476486466500796115e-07
-2.476486466501389038e-07
-2.476486466502056605e-07
-2.476486466502726820e-07
-2.476486466503346213e-07
-2.476486466504009016e-07
-2.476486466504640056e-07
-2.476486466505305506e-07
-2.476486466505930193e-07
-2.476486466506596702e-07
-2.476486466507228800e-07
-2.476486466507899545e-07
-2.476486466508504114e-07
-2.476486466509142036e-07
-2.476486466509818604e-07
-2.476486466510464466e-07
-2.476486466511110858e-07
-2.476486466511764662e-07
-2.476486466512363408e-07
-2.476486466513052152e-07
-2.476486466513683721e-07
-2.476486466514291467e-07
-2.476486466515000857e-07
-2.476486466515583722e-07
-2.476486466516271406e-07
-2.476486466516915681e-07
-2.476486466517580072e-07
-2.476486466518181995e-07
-2.476486466518831034e-07
-2.476486466519468426e-07
-2.476486466520125406e-07
-2.476486466520744799e-07
-2.476486466521445190e-07
-2.476486466522079406e-07
-2.476486466522698269e-07
-2.476486466523401836e-07
-2.476486466524030228e-07
