2.832371743076445961e-07
2.832371743079037882e-07
2.832371743082025791e-07
2.832371743085185224e-07
2.832371743088013255e-07
2.832371743090747583e-07
2.832371743093598908e-07
2.832371743096742988e-07
2.832371743099771660e-07
2.832371743102862801e-07
2.832371743105575954e-07
2.832371743108793091e-07
2.832371743111424187e-07
2.832371743114490975e-07
2.832371743117422239e-07
2.832371743120291033e-07
2.832371743123447819e-07
2.832371743126156207e-07
2.832371743129364874e-07
2.832371743132079085e-07
2.832371743135074935e-07
2.832371743138098313e-07
2.832371743140994636e-07
2.832371743144021720e-07
2.832371743146707873e-07
2.832371743149772545e-07
2.832371743152790629e-07
2.832371743155717128e-07
2.832371743158657920e-07
2.832371743161546832e-07
2.832371743164732205e-07
2.832371743167460710e-07
2.832371743170341681e-07
2.832371743173409528e-07
2.832371743176372555e-07
2.832371743179269408e-07
2.832371743182428841e-07
2.832371743185202874e-07
2.832371743188076963e-07
2.832371743191086047e-07
2.832371743194063368e-07
2.832371743196987749e-07
2.832371743200010598e-07
2.832371743202964625e-07
2.832371743205694189e-07
2.832371743208873739e-07
2.832371743211812943e-07
2.832371743214632504e-07
2.832371743217788231e-07
2.832371743220666026e-07
2.832371743223640700e-07
2.832371743226505789e-07
2.832371743229439699e-07
2.832371743232241260e-07
2.832371743235373694e-07
2.832371743238393896e-07
2.832371743241260573e-07
2.832371743244132015e-07
2.832371743246973281e-07
2.832371743249950602e-07
2.832371743253085153e-07
2.832371743255918478e-07
2.832371743258666571e-07
2.832371743261866767e-07
2.832371743264977496e-07
2.832371743267716588e-07
2.832371743270409094e-07
2.832371743273642113e-07
2.832371743276492379e-07
2.832371743279504111e-07
2.832371743282244262e-07
2.832371743285341756e-07
2.832371743288159199e-07
2.832371743291350396e-07
2.832371743294320835e-07
2.832371743297076868e-07
2.832371743300251653e-07
2.832371743303185034e-07
2.832371743306013595e-07
2.832371743309072443e-07
2.832371743311836417e-07
2.832371743314757622e-07
2.832371743317922878e-07
2.832371743320931433e-07
2.832371743323614940e-07
2.832371743326661611e-07
2.832371743329640520e-07
2.832371743332578136e-07
2.832371743335288642e-07
2.832371743338445428e-07
2.832371743341386220e-07
2.832371743344275132e-07
2.832371743347182043e-07
2.832371743350157246e-07
2.832371743353241505e-07
2.832371743356111888e-07
2.832371743358956331e-07
2.832371743362211584e-07
2.832371743364842680e-07
2.832371743367725239e-07
2.832371743370905318e-07
2.832371743373707939e-07
2.832371743376819726e-07
2.832371743379771106e-07
2.832371743382725134e-07
2.832371743385436698e-07
2.832371743388436783e-07
2.832371743391348988e-07
2.832371743394247429e-07
2.832371743397134223e-07
2.832371743400301597e-07
2.832371743403183097e-07
2.832371743406300708e-07
2.832371743409165267e-07
2.832371743412270172e-07
2.832371743415135261e-07
2.832371743417864825e-07
2.832371743421038022e-07
2.832371743423879818e-07
2.832371743426752318e-07
2.832371743429838165e-07
2.832371743432740312e-07
2.832371743435603283e-07
2.832371743438550958e-07
2.832371743441501279e-07
2.832371743444383309e-07
2.832371743447487685e-07
2.832371743450236307e-07
2.832371743453324271e-07
2.832371743456258711e-07
2.832371743459068743e-07
2.832371743462370583e-07
2.832371743465175321e-07
2.832371743467948824e-07
2.832371743470919793e-07
2.832371743473991875e-07
2.832371743476916256e-07
2.832371743479862343e-07
2.832371743482917485e-07
2.832371743485800573e-07
2.832371743488675191e-07
2.832371743491655159e-07
2.832371743494573188e-07
2.832371743497525627e-07
2.832371743500423009e-07
2.832371743503553325e-07
2.832371743506152128e-07
2.832371743509313678e-07
2.832371743512212649e-07
2.832371743515268320e-07
2.832371743518106939e-07
2.832371743521038732e-07
2.832371743523990112e-07
2.832371743526950493e-07
2.832371743529731408e-07
2.832371743532982955e-07
2.832371743535826868e-07
2.832371743538938656e-07
2.832371743541715865e-07
2.832371743544889592e-07
2.832371743547641919e-07
2.832371743550494303e-07
2.832371743553262512e-07
2.832371743556329830e-07
2.832371743559563908e-07
2.832371743562426350e-07
2.832371743565211500e-07
2.832371743568299465e-07
2.832371743571050204e-07
2.832371743573986762e-07
2.832371743577214486e-07
2.832371743580061047e-07
2.832371743582864196e-07
2.832371743586053275e-07
2.832371743588718782e-07
2.832371743591720455e-07
2.832371743594804714e-07
2.832371743597553336e-07
2.832371743600909174e-07
2.832371743603490507e-07
2.832371743606484769e-07
2.832371743609348799e-07
2.832371743612472233e-07
