-4.760150968302850366e-07
-4.760150968301580875e-07
-4.760150968300299209e-07
-4.760150968298952426e-07
-4.760150968297632643e-07
-4.760150968296343565e-07
-4.760150968295092074e-07
-4.760150968293780231e-07
-4.760150968292464154e-07
-4.760150968291138547e-07
-4.760150968289756825e-07
-4.760150968288507451e-07
-4.760150968287263901e-07
-4.760150968285929824e-07
-4.760150968284562925e-07
-4.760150968283340550e-07
-4.760150968282034531e-07
-4.760150968280770864e-07
-4.760150968279426199e-07
-4.760150968278113298e-07
-4.760150968276837455e-07
-4.760150968275476379e-07
-4.760150968274210594e-07
-4.760150968272933692e-07
-4.760150968271691200e-07
-4.760150968270318478e-07
-4.760150968268960048e-07
-4.760150968267587326e-07
-4.760150968266393539e-07
-4.760150968265135165e-07
-4.760150968263757149e-07
-4.760150968262469129e-07
-4.760150968261205991e-07
-4.760150968259850209e-07
-4.760150968258561660e-07
-4.760150968257417636e-07
-4.760150968255924211e-07
-4.760150968254584841e-07
-4.760150968253338114e-07
-4.760150968252009331e-07
-4.760150968250675254e-07
-4.760150968249369235e-07
-4.760150968248142626e-07
-4.760150968246831313e-07
-4.760150968245488236e-07
-4.760150968244144630e-07
-4.760150968242890492e-07
-4.760150968241688764e-07
-4.760150968240357334e-07
-4.760150968239067197e-07
-4.760150968237708768e-07
-4.760150968236381044e-07
-4.760150968235048555e-07
-4.760150968233804475e-07
-4.760150968232477810e-07
-4.760150968231194026e-07
-4.760150968229965299e-07
-4.760150968228513166e-07
-4.760150968227387671e-07
-4.760150968225979479e-07
-4.760150968224711047e-07
-4.760150968223404499e-07
-4.760150968222104303e-07
-4.760150968220821578e-07
-4.760150968219513971e-07
-4.760150968218204775e-07
-4.760150968216866463e-07
-4.760150968215666324e-07
-4.760150968214299424e-07
-4.760150968212997111e-07
-4.760150968211654034e-07
-4.760150968210382426e-07
-4.760150968209075349e-07
-4.760150968207822799e-07
-4.760150968206505662e-07
-4.760150968205115999e-07
-4.760150968203833803e-07
-4.760150968202629957e-07
-4.760150968201193178e-07
-4.760150968199937451e-07
-4.760150968198646785e-07
-4.760150968197306355e-07
-4.760150968196047452e-07
-4.760150968194676847e-07
-4.760150968193459237e-07
-4.760150968192113514e-07
-4.760150968190830259e-07
-4.760150968189534828e-07
-4.760150968188264278e-07
-4.760150968186869850e-07
-4.760150968185650652e-07
-4.760150968184326634e-07
-4.760150968182942265e-07
-4.760150968181685479e-07
-4.760150968180383696e-07
-4.760150968179083500e-07
-4.760150968177803421e-07
-4.760150968176511696e-07
-4.760150968175251205e-07
-4.760150968173899658e-07
-4.760150968172603698e-07
-4.760150968171231505e-07
-4.760150968169945073e-07
-4.760150968168694641e-07
-4.760150968167347859e-07
-4.760150968166145072e-07
-4.760150968164804642e-07
-4.760150968163428214e-07
-4.760150968162125371e-07
-4.760150968160808764e-07
-4.760150968159529215e-07
-4.760150968158251783e-07
-4.760150968156984940e-07
-4.760150968155626511e-07
-4.760150968154349079e-07
-4.760150968153101823e-07
-4.760150968151725924e-07
-4.760150968150483962e-07
-4.760150968149167885e-07
-4.760150968147850219e-07
-4.760150968146525142e-07
-4.760150968145323414e-07
-4.760150968143967102e-07
-4.760150968142642025e-07
-4.760150968141283067e-07
-4.760150968140051163e-07
-4.760150968138763673e-07
-4.760150968137519064e-07
-4.760150968136171223e-07
-4.760150968134717502e-07
-4.760150968133490893e-07
-4.760150968132182227e-07
-4.760150968130892090e-07
-4.760150968129589777e-07
-4.760150968128346226e-07
-4.760150968127055560e-07
-4.760150968125710895e-07
-4.760150968124422346e-07
-4.760150968123038506e-07
-4.760150968121817191e-07
-4.760150968120512231e-07
-4.760150968119232681e-07
-4.760150968117825548e-07
-4.760150968116547058e-07
-4.760150968115291331e-07
-4.760150968113994841e-07
-4.760150968112678235e-07
-4.760150968111400803e-07
-4.760150968110051374e-07
-4.760150968108746943e-07
-4.760150968107468982e-07
-4.760150968106217491e-07
-4.760150968104886061e-07
-4.760150968103532396e-07
-4.760150968102306846e-07
-4.760150968101000297e-07
-4.760150968099646633e-07
-4.760150968098340084e-07
-4.760150968097026124e-07
-4.760150968095802162e-07
-4.760150968094444262e-07
-4.760150968093102244e-07
-4.760150968091822166e-07
-4.760150968090561146e-07
-4.760150968089235010e-07
-4.760150968087896168e-07
-4.760150968086640971e-07
-4.760150968085352952e-07
-4.760150968084042698e-07
-4.760150968082736679e-07
-4.760150968081402602e-07
-4.760150968080138934e-07
-4.760150968078815975e-07
-4.760150968077520014e-07
-4.760150968076261641e-07
-4.760150968074909565e-07
-4.760150968073630545e-07
-4.760150968072271057e-07
-4.760150968071038624e-07
-4.760150968069693959e-07
-4.760150968068402764e-07
-4.760150968067041688e-07
-4.760150968065829901e-07
