1.085656010029682073e-06
1.085656010030373040e-06
1.085656010031054266e-06
1.085656010031750528e-06
1.085656010032401261e-06
1.085656010033091592e-06
1.085656010033794206e-06
1.085656010034438375e-06
1.085656010035128918e-06
1.085656010035827932e-06
1.085656010036498147e-06
1.085656010037157774e-06
1.085656010037858059e-06
1.085656010038521285e-06
1.085656010039207594e-06
1.085656010039883526e-06
1.085656010040593763e-06
1.085656010041237297e-06
1.085656010041964898e-06
1.085656010042633419e-06
1.085656010043292199e-06
1.085656010044011753e-06
1.085656010044659521e-06
1.085656010045399405e-06
1.085656010046035950e-06
1.085656010046761434e-06
1.085656010047406026e-06
1.085656010048091699e-06
1.085656010048743914e-06
1.085656010049403118e-06
1.085656010050117802e-06
1.085656010050835027e-06
1.085656010051537429e-06
1.085656010052165716e-06
1.085656010052875741e-06
1.085656010053531133e-06
1.085656010054216382e-06
1.085656010054867327e-06
1.085656010055570365e-06
1.085656010056311307e-06
1.085656010056898936e-06
1.085656010057651525e-06
1.085656010058345668e-06
1.085656010059002754e-06
1.085656010059643534e-06
1.085656010060367959e-06
1.085656010061090902e-06
1.085656010061717706e-06
1.085656010062408250e-06
1.085656010063104299e-06
1.085656010063780020e-06
1.085656010064442611e-06
1.085656010065131461e-06
1.085656010065807393e-06
1.085656010066513607e-06
1.085656010067153752e-06
1.085656010067823755e-06
1.085656010068562579e-06
1.085656010069210136e-06
1.085656010069909574e-06
1.085656010070599482e-06
1.085656010071293414e-06
1.085656010071934406e-06
1.085656010072608432e-06
1.085656010073332857e-06
1.085656010073966014e-06
1.085656010074697639e-06
1.085656010075325926e-06
1.085656010076059456e-06
1.085656010076726071e-06
1.085656010077432285e-06
1.085656010078088735e-06
1.085656010078760856e-06
1.085656010079439330e-06
1.085656010080139614e-06
1.085656010080845192e-06
1.085656010081448915e-06
1.085656010082199598e-06
1.085656010082867060e-06
1.085656010083521181e-06
1.085656010084232477e-06
1.085656010084911374e-06
1.085656010085590271e-06
1.085656010086300085e-06
1.085656010086967123e-06
1.085656010087627597e-06
1.085656010088359645e-06
1.085656010088970780e-06
1.085656010089709180e-06
1.085656010090332173e-06
1.085656010091042622e-06
1.085656010091692296e-06
1.085656010092383899e-06
1.085656010093091595e-06
1.085656010093767951e-06
1.085656010094418048e-06
1.085656010095092287e-06
1.085656010095816712e-06
1.085656010096505138e-06
1.085656010097179376e-06
1.085656010097882201e-06
1.085656010098551569e-06
1.085656010099209079e-06
1.085656010099904916e-06
1.085656010100595248e-06
1.085656010101255934e-06
1.085656010101969347e-06
1.085656010102606104e-06
1.085656010103303212e-06
1.085656010103993756e-06
1.085656010104671594e-06
1.085656010105371243e-06
1.085656010106054164e-06
1.085656010106705320e-06
1.085656010107431439e-06
1.085656010108061420e-06
1.085656010108747305e-06
1.085656010109446954e-06
1.085656010110099381e-06
1.085656010110839476e-06
1.085656010111496350e-06
1.085656010112162753e-06
1.085656010112875955e-06
1.085656010113538758e-06
1.085656010114243913e-06
1.085656010114917728e-06
1.085656010115580743e-06
1.085656010116260275e-06
1.085656010116939172e-06
1.085656010117653221e-06
1.085656010118305648e-06
1.085656010119000639e-06
1.085656010119708123e-06
1.085656010120361397e-06
1.085656010121057658e-06
1.085656010121725755e-06
1.085656010122416299e-06
1.085656010123073173e-06
1.085656010123789975e-06
1.085656010124407250e-06
1.085656010125129769e-06
1.085656010125811631e-06
1.085656010126503656e-06
1.085656010127148884e-06
1.085656010127892579e-06
1.085656010128507525e-06
1.085656010129265407e-06
1.085656010129899200e-06
1.085656010130587838e-06
1.085656010131276264e-06
1.085656010131975278e-06
1.085656010132623046e-06
1.085656010133321213e-06
1.085656010134037803e-06
1.085656010134643643e-06
1.085656010135356421e-06
1.085656010136056918e-06
1.085656010136732003e-06
1.085656010137429746e-06
1.085656010138101020e-06
1.085656010138735236e-06
1.085656010139494601e-06
1.085656010140128393e-06
1.085656010140774679e-06
1.085656010141494657e-06
1.085656010142191342e-06
1.085656010142867486e-06
1.085656010143501278e-06
1.085656010144220621e-06
1.085656010144902059e-06
1.085656010145551733e-06
1.085656010146292252e-06
1.085656010146935150e-06
1.085656010147607059e-06
1.085656010148328519e-06
1.085656010148986240e-06
1.085656010149666408e-06
1.085656010150361398e-06
1.085656010151063377e-06
1.085656010151688699e-06
1.085656010152408042e-06
1.085656010153085033e-06
1.085656010153723272e-06
