-1.423364971346962365e-06
-1.423364971347299272e-06
-1.423364971347672179e-06
-1.423364971348023697e-06
-1.423364971348350017e-06
-1.423364971348725252e-06
-1.423364971349072959e-06
-1.423364971349418972e-06
-1.423364971349761385e-06
-1.423364971350117775e-06
-1.423364971350455741e-06
-1.423364971350836482e-06
-1.423364971351172542e-06
-1.423364971351509238e-06
-1.423364971351878544e-06
-1.423364971352221381e-06
-1.423364971352569088e-06
-1.423364971352937335e-06
-1.423364971353297748e-06
-1.423364971353616656e-06
-1.423364971353988927e-06
-1.423364971354327952e-06
-1.423364971354718646e-06
-1.423364971355054918e-06
-1.423364971355398601e-06
-1.423364971355734450e-06
-1.423364971356088722e-06
-1.423364971356452522e-06
-1.423364971356796418e-06
-1.423364971357150901e-06
-1.423364971357485479e-06
-1.423364971357840809e-06
-1.423364971358226633e-06
-1.423364971358541941e-06
-1.423364971358907435e-06
-1.423364971359261283e-06
-1.423364971359595861e-06
-1.423364971359952251e-06
-1.423364971360318381e-06
-1.423364971360666935e-06
-1.423364971361005748e-06
-1.423364971361348161e-06
-1.423364971361709420e-06
-1.423364971362075339e-06
-1.423364971362432998e-06
-1.423364971362737930e-06
-1.423364971363102154e-06
-1.423364971363471884e-06
-1.423364971363817050e-06
-1.423364971364155652e-06
-1.423364971364521146e-06
-1.423364971364877959e-06
-1.423364971365221643e-06
-1.423364971365571467e-06
-1.423364971365939503e-06
-1.423364971366293563e-06
-1.423364971366630894e-06
-1.423364971366960389e-06
-1.423364971367340707e-06
-1.423364971367694555e-06
-1.423364971368036333e-06
-1.423364971368383617e-06
-1.423364971368735135e-06
-1.423364971369080513e-06
-1.423364971369424620e-06
-1.423364971369806844e-06
-1.423364971370132316e-06
-1.423364971370513481e-06
-1.423364971370822860e-06
-1.423364971371181790e-06
-1.423364971371530767e-06
-1.423364971371897956e-06
-1.423364971372251381e-06
-1.423364971372615817e-06
-1.423364971372940442e-06
-1.423364971373309113e-06
-1.423364971373652373e-06
-1.423364971374000716e-06
-1.423364971374339740e-06
-1.423364971374725140e-06
-1.423364971375058024e-06
-1.423364971375409120e-06
-1.423364971375753650e-06
-1.423364971376119780e-06
-1.423364971376481675e-06
-1.423364971376811383e-06
-1.423364971377145325e-06
-1.423364971377496632e-06
-1.423364971377864880e-06
-1.423364971378216187e-06
-1.423364971378564106e-06
-1.423364971378901436e-06
-1.423364971379255073e-06
-1.423364971379618450e-06
-1.423364971379964039e-06
-1.423364971380309417e-06
-1.423364971380684017e-06
-1.423364971381012666e-06
-1.423364971381374561e-06
-1.423364971381737303e-06
-1.423364971382082045e-06
-1.423364971382416835e-06
-1.423364971382773859e-06
-1.423364971383140413e-06
-1.423364971383495320e-06
-1.423364971383821639e-06
-1.423364971384201533e-06
-1.423364971384542041e-06
-1.423364971384896736e-06
-1.423364971385234914e-06
-1.423364971385596173e-06
-1.423364971385952350e-06
-1.423364971386296669e-06
-1.423364971386632518e-06
-1.423364971386999071e-06
-1.423364971387364778e-06
-1.423364971387722649e-06
-1.423364971388029699e-06
-1.423364971388400699e-06
-1.423364971388775511e-06
-1.423364971389111572e-06
-1.423364971389467537e-06
-1.423364971389791315e-06
-1.423364971390164010e-06
-1.423364971390500706e-06
-1.423364971390848836e-06
-1.423364971391221531e-06
-1.423364971391560767e-06
-1.423364971391911227e-06
-1.423364971392261475e-06
-1.423364971392600712e-06
-1.423364971392961548e-06
-1.423364971393318572e-06
-1.423364971393658444e-06
-1.423364971394027963e-06
-1.423364971394375670e-06
-1.423364971394726341e-06
-1.423364971395074895e-06
-1.423364971395452672e-06
-1.423364971395779203e-06
-1.423364971396137075e-06
-1.423364971396479488e-06
-1.423364971396828253e-06
-1.423364971397177655e-06
-1.423364971397549502e-06
-1.423364971397881962e-06
-1.423364971398245128e-06
-1.423364971398601305e-06
-1.423364971398934824e-06
-1.423364971399292272e-06
-1.423364971399620286e-06
-1.423364971399991710e-06
-1.423364971400345981e-06
-1.423364971400704488e-06
-1.423364971401054736e-06
-1.423364971401397784e-06
-1.423364971401767514e-06
-1.423364971402085363e-06
-1.423364971402447470e-06
-1.423364971402798777e-06
-1.423364971403135896e-06
-1.423364971403505414e-06
-1.423364971403871332e-06
-1.423364971404215228e-06
-1.423364971404559970e-06
-1.423364971404904077e-06
-1.423364971405275713e-06
-1.423364971405604574e-06
-1.423364971405965198e-06
-1.423364971406311211e-06
-1.423364971406641342e-06
-1.423364971407003237e-06
-1.423364971407377625e-06
-1.423364971407717709e-06
-1.423364971408079392e-06
-1.423364971408417146e-06
-1.423364971408763371e-06
-1.423364971409132466e-06
-1.423364971409473820e-06
-1.423364971409792728e-06
-1.423364971410174105e-06
-1.423364971410524776e-06
-1.423364971410896835e-06
