-9.635624001703996870e-07
-9.635624001701356245e-07
-9.635624001698486921e-07
-9.635624001695731946e-07
-9.635624001692873210e-07
-9.635624001690185998e-07
-9.635624001687594077e-07
-9.635624001684902630e-07
-9.635624001682107421e-07
-9.635624001679379975e-07
-9.635624001676627118e-07
-9.635624001673654033e-07
-9.635624001671079052e-07
-9.635624001668429957e-07
-9.635624001665672865e-07
-9.635624001662854363e-07
-9.635624001660342910e-07
-9.635624001657378295e-07
-9.635624001654680495e-07
-9.635624001651940343e-07
-9.635624001649041373e-07
-9.635624001646557449e-07
-9.635624001643796121e-07
-9.635624001640784919e-07
-9.635624001638021474e-07
-9.635624001635429553e-07
-9.635624001632666108e-07
-9.635624001630228771e-07
-9.635624001627215451e-07
-9.635624001624604472e-07
-9.635624001621697032e-07
-9.635624001619083935e-07
-9.635624001616261198e-07
-9.635624001613533752e-07
-9.635624001610730073e-07
-9.635624001608028037e-07
-9.635624001605093068e-07
-9.635624001602623967e-07
-9.635624001599712291e-07
-9.635624001597137311e-07
-9.635624001594352690e-07
-9.635624001591585010e-07
-9.635624001588844859e-07
-9.635624001586235997e-07
-9.635624001583313734e-07
-9.635624001580548171e-07
-9.635624001577913899e-07
-9.635624001575141983e-07
-9.635624001572533122e-07
-9.635624001569693444e-07
-9.635624001566874942e-07
-9.635624001564024676e-07
-9.635624001561532281e-07
-9.635624001558845069e-07
-9.635624001556060449e-07
-9.635624001553159361e-07
-9.635624001550499677e-07
-9.635624001547865405e-07
-9.635624001545036315e-07
-9.635624001542162755e-07
-9.635624001539608951e-07
-9.635624001536796802e-07
-9.635624001533959241e-07
-9.635624001531303793e-07
-9.635624001528544583e-07
-9.635624001525861606e-07
-9.635624001523098161e-07
-9.635624001520332599e-07
-9.635624001517742796e-07
-9.635624001514822649e-07
-9.635624001512031676e-07
-9.635624001509274584e-07
-9.635624001506464552e-07
-9.635624001503836632e-07
-9.635624001501115539e-07
-9.635624001498430444e-07
-9.635624001495683940e-07
-9.635624001492903554e-07
-9.635624001490137992e-07
-9.635624001487565129e-07
-9.635624001484680982e-07
-9.635624001481860362e-07
-9.635624001479293853e-07
-9.635624001476261475e-07
-9.635624001473775433e-07
-9.635624001470965401e-07
-9.635624001468297247e-07
-9.635624001465533802e-07
-9.635624001462711065e-07
-9.635624001460114909e-07
-9.635624001457105824e-07
-9.635624001454535079e-07
-9.635624001451803398e-07
-9.635624001449020895e-07
-9.635624001446143101e-07
-9.635624001443477064e-07
-9.635624001440830086e-07
-9.635624001437958645e-07
-9.635624001435402723e-07
-9.635624001432550339e-07
-9.635624001429875833e-07
-9.635624001427129328e-07
-9.635624001424393412e-07
-9.635624001421693495e-07
-9.635624001418953343e-07
-9.635624001416064961e-07
-9.635624001413280340e-07
-9.635624001410548659e-07
-9.635624001407933444e-07
-9.635624001405104354e-07
-9.635624001402609842e-07
-9.635624001399632521e-07
-9.635624001397027895e-07
-9.635624001394090808e-07
-9.635624001391503123e-07
-9.635624001388790500e-07
-9.635624001386126581e-07
-9.635624001383348313e-07
-9.635624001380411226e-07
-9.635624001377652016e-07
-9.635624001374918218e-07
-9.635624001372300886e-07
-9.635624001369480266e-07
-9.635624001366663882e-07
-9.635624001364038079e-07
-9.635624001361486393e-07
-9.635624001358629774e-07
-9.635624001355766803e-07
-9.635624001352997005e-07
-9.635624001350383908e-07
-9.635624001347658580e-07
-9.635624001344899370e-07
-9.635624001342152866e-07
-9.635624001339505888e-07
-9.635624001336683150e-07
-9.635624001333978998e-07
-9.635624001331463310e-07
-9.635624001328452108e-07
-9.635624001325847481e-07
-9.635624001322940041e-07
-9.635624001320218947e-07
-9.635624001317296684e-07
-9.635624001314715351e-07
-9.635624001312062020e-07
-9.635624001309323986e-07
-9.635624001306530895e-07
-9.635624001303866976e-07
-9.635624001301150118e-07
-9.635624001298265971e-07
-9.635624001295690991e-07
-9.635624001292614144e-07
-9.635624001290056104e-07
-9.635624001287184662e-07
-9.635624001284726149e-07
-9.635624001281852590e-07
-9.635624001278951502e-07
-9.635624001276427344e-07
-9.635624001273714721e-07
-9.635624001270894101e-07
-9.635624001268090422e-07
-9.635624001265424386e-07
-9.635624001262644000e-07
-9.635624001259857262e-07
-9.635624001257186991e-07
-9.635624001254487073e-07
-9.635624001251706687e-07
-9.635624001249008888e-07
-9.635624001246162857e-07
-9.635624001243431176e-07
-9.635624001240731258e-07
-9.635624001237955108e-07
-9.635624001235142958e-07
-9.635624001232457864e-07
-9.635624001229842650e-07
-9.635624001227195672e-07
-9.635624001224381405e-07
-9.635624001221719604e-07
-9.635624001218956159e-07
-9.635624001216004249e-07
-9.635624001213198452e-07
-9.635624001210640413e-07
-9.635624001207648269e-07
-9.635624001205105052e-07
