-3.237390796833994763e-07
-3.237390796840786909e-07
-3.237390796847987218e-07
-3.237390796854878361e-07
-3.237390796860905000e-07
-3.237390796867953373e-07
-3.237390796874513114e-07
-3.237390796881684306e-07
-3.237390796888217048e-07
-3.237390796895016076e-07
-3.237390796901659461e-07
-3.237390796908217614e-07
-3.237390796914740826e-07
-3.237390796921790787e-07
-3.237390796928562816e-07
-3.237390796935554014e-07
-3.237390796942099461e-07
-3.237390796948968369e-07
-3.237390796955842570e-07
-3.237390796962358371e-07
-3.237390796969631208e-07
-3.237390796976142244e-07
-3.237390796982381701e-07
-3.237390796989719124e-07
-3.237390796996093047e-07
-3.237390797003027600e-07
-3.237390797010336964e-07
-3.237390797016697653e-07
-3.237390797023274334e-07
-3.237390797030541347e-07
-3.237390797037294847e-07
-3.237390797044035641e-07
-3.237390797050543501e-07
-3.237390797057166769e-07
-3.237390797063563456e-07
-3.237390797070557831e-07
-3.237390797077605674e-07
-3.237390797084456583e-07
-3.237390797090940090e-07
-3.237390797097781999e-07
-3.237390797104271330e-07
-3.237390797111416053e-07
-3.237390797117728566e-07
-3.237390797124587945e-07
-3.237390797131380090e-07
-3.237390797138652397e-07
-3.237390797145113141e-07
-3.237390797151803643e-07
-3.237390797158583612e-07
-3.237390797165383698e-07
-3.237390797172363779e-07
-3.237390797179006635e-07
-3.237390797185889837e-07
-3.237390797192153645e-07
-3.237390797199385189e-07
-3.237390797205848580e-07
-3.237390797212669313e-07
-3.237390797219523397e-07
-3.237390797226029669e-07
-3.237390797232348535e-07
-3.237390797239973420e-07
-3.237390797246601453e-07
-3.237390797253303071e-07
-3.237390797260224389e-07
-3.237390797266906950e-07
-3.237390797273192993e-07
-3.237390797280577003e-07
-3.237390797287175919e-07
-3.237390797293563606e-07
-3.237390797300373222e-07
-3.237390797307299834e-07
-3.237390797314124272e-07
-3.237390797320956122e-07
-3.237390797327913439e-07
-3.237390797334848521e-07
-3.237390797341231444e-07
-3.237390797347249084e-07
-3.237390797354738973e-07
-3.237390797361334183e-07
-3.237390797368590079e-07
-3.237390797374705127e-07
-3.237390797382082255e-07
-3.237390797388789697e-07
-3.237390797395473316e-07
-3.237390797401876356e-07
-3.237390797408957022e-07
-3.237390797415693581e-07
-3.237390797422153796e-07
-3.237390797429193169e-07
-3.237390797435609443e-07
-3.237390797442862692e-07
-3.237390797449638426e-07
-3.237390797456494629e-07
-3.237390797462808730e-07
-3.237390797469841221e-07
-3.237390797476268613e-07
-3.237390797483342926e-07
-3.237390797489851845e-07
-3.237390797497034155e-07
-3.237390797503488546e-07
-3.237390797510165283e-07
-3.237390797516934665e-07
-3.237390797523322352e-07
-3.237390797530484545e-07
-3.237390797537322218e-07
-3.237390797543703553e-07
-3.237390797551219911e-07
-3.237390797557483191e-07
-3.237390797564389686e-07
-3.237390797570931427e-07
-3.237390797577540401e-07
-3.237390797584336253e-07
-3.237390797591111987e-07
-3.237390797598159830e-07
-3.237390797604408816e-07
-3.237390797611486835e-07
-3.237390797618420329e-07
-3.237390797625088067e-07
-3.237390797631987679e-07
-3.237390797638363720e-07
-3.237390797645266509e-07
-3.237390797651998303e-07
-3.237390797658487105e-07
-3.237390797665703296e-07
-3.237390797672315977e-07
-3.237390797679367526e-07
-3.237390797686040557e-07
-3.237390797692745882e-07
-3.237390797699394032e-07
-3.237390797706268763e-07
-3.237390797712723684e-07
-3.237390797719914993e-07
-3.237390797726527144e-07
-3.237390797733636398e-07
-3.237390797739803856e-07
-3.237390797746652118e-07
-3.237390797753579259e-07
-3.237390797760454519e-07
-3.237390797767314957e-07
-3.237390797774067927e-07
-3.237390797780466732e-07
-3.237390797786713070e-07
-3.237390797793944085e-07
-3.237390797800820404e-07
-3.237390797807393380e-07
-3.237390797814184466e-07
-3.237390797821157136e-07
-3.237390797827745993e-07
-3.237390797834590019e-07
-3.237390797841505514e-07
-3.237390797847952494e-07
-3.237390797855254447e-07
-3.237390797861571195e-07
-3.237390797868482455e-07
-3.237390797875402714e-07
-3.237390797882123391e-07
-3.237390797889104001e-07
-3.237390797895342399e-07
-3.237390797902526826e-07
-3.237390797909260209e-07
-3.237390797916085706e-07
-3.237390797922773561e-07
-3.237390797929337537e-07
-3.237390797936160387e-07
-3.237390797942966826e-07
-3.237390797949815617e-07
-3.237390797956315536e-07
-3.237390797963295088e-07
-3.237390797969842123e-07
-3.237390797976488155e-07
-3.237390797983515882e-07
-3.237390797990144444e-07
-3.237390797996693067e-07
-3.237390798003462449e-07
-3.237390798010756991e-07
-3.237390798017366495e-07
-3.237390798023744653e-07
-3.237390798030752791e-07
-3.237390798037676756e-07
-3.237390798043869626e-07
-3.237390798050844942e-07
-3.237390798057739791e-07
-3.237390798064221710e-07
