-1.507706469677958972e-08
-1.507706469683310500e-08
-1.507706469688334133e-08
-1.507706469694622691e-08
-1.507706469699987123e-08
-1.507706469705407141e-08
-1.507706469711024028e-08
-1.507706469716796095e-08
-1.507706469722187658e-08
-1.507706469727840279e-08
-1.507706469733231181e-08
-1.507706469738258123e-08
-1.507706469744640318e-08
-1.507706469750129819e-08
-1.507706469755675238e-08
-1.507706469761244149e-08
-1.507706469766822324e-08
-1.507706469772330023e-08
-1.507706469778130544e-08
-1.507706469783389759e-08
-1.507706469789590636e-08
-1.507706469794299940e-08
-1.507706469800638460e-08
-1.507706469806100499e-08
-1.507706469811604559e-08
-1.507706469816815466e-08
-1.507706469822555437e-08
-1.507706469828017807e-08
-1.507706469833822299e-08
-1.507706469839060007e-08
-1.507706469844881042e-08
-1.507706469850155807e-08
-1.507706469855768393e-08
-1.507706469861864053e-08
-1.507706469867117642e-08
-1.507706469872565123e-08
-1.507706469878114181e-08
-1.507706469883957716e-08
-1.507706469889344978e-08
-1.507706469894793120e-08
-1.507706469900465925e-08
-1.507706469905630179e-08
-1.507706469911293719e-08
-1.507706469917156444e-08
-1.507706469922663813e-08
-1.507706469928301876e-08
-1.507706469934224489e-08
-1.507706469939340436e-08
-1.507706469944785931e-08
-1.507706469950509359e-08
-1.507706469955973714e-08
-1.507706469961676628e-08
-1.507706469967075802e-08
-1.507706469972811141e-08
-1.507706469978484277e-08
-1.507706469984069400e-08
-1.507706469989843783e-08
-1.507706469995262147e-08
-1.507706470000342028e-08
-1.507706470006204753e-08
-1.507706470011784914e-08
-1.507706470017203278e-08
-1.507706470022879391e-08
-1.507706470028520763e-08
-1.507706470033992066e-08
-1.507706470039607961e-08
-1.507706470045157681e-08
-1.507706470051004194e-08
-1.507706470056319656e-08
-1.507706470062021578e-08
-1.507706470067822099e-08
-1.507706470073066755e-08
-1.507706470078581403e-08
-1.507706470083959731e-08
-1.507706470089611360e-08
-1.507706470095198469e-08
-1.507706470100983108e-08
-1.507706470106245631e-08
-1.507706470112085857e-08
-1.507706470118004831e-08
-1.507706470123454297e-08
-1.507706470128380984e-08
-1.507706470134102096e-08
-1.507706470140100148e-08
-1.507706470145132053e-08
-1.507706470150964008e-08
-1.507706470156469391e-08
-1.507706470162260648e-08
-1.507706470167917901e-08
-1.507706470173365713e-08
-1.507706470178679190e-08
-1.507706470184461845e-08
-1.507706470189920906e-08
-1.507706470195611908e-08
-1.507706470201275118e-08
-1.507706470206682563e-08
-1.507706470212335515e-08
-1.507706470217665205e-08
-1.507706470223572929e-08
-1.507706470229114708e-08
-1.507706470234196244e-08
-1.507706470240378592e-08
-1.507706470245644424e-08
-1.507706470251180909e-08
-1.507706470256812355e-08
-1.507706470262272409e-08
-1.507706470268236712e-08
-1.507706470273822166e-08
-1.507706470279116122e-08
-1.507706470284743597e-08
-1.507706470290362801e-08
-1.507706470295812266e-08
-1.507706470301029791e-08
-1.507706470307045379e-08
-1.507706470312530248e-08
-1.507706470318077983e-08
-1.507706470323538368e-08
-1.507706470329098676e-08
-1.507706470334489578e-08
-1.507706470340401272e-08
-1.507706470346156133e-08
-1.507706470351593026e-08
-1.507706470356926355e-08
-1.507706470362551514e-08
-1.507706470368044324e-08
-1.507706470373665844e-08
-1.507706470379612942e-08
-1.507706470385134207e-08
-1.507706470390814291e-08
-1.507706470395940494e-08
-1.507706470401964685e-08
-1.507706470407287427e-08
-1.507706470413127322e-08
-1.507706470418255180e-08
-1.507706470424111288e-08
-1.507706470430045151e-08
-1.507706470435441346e-08
-1.507706470440468288e-08
-1.507706470446420680e-08
-1.507706470451195167e-08
-1.507706470457275937e-08
-1.507706470462729042e-08
-1.507706470468615590e-08
-1.507706470473954214e-08
-1.507706470479654150e-08
-1.507706470485527463e-08
-1.507706470491000752e-08
-1.507706470496419116e-08
-1.507706470501990012e-08
-1.507706470506851849e-08
-1.507706470512810858e-08
-1.507706470518378114e-08
-1.507706470523952650e-08
-1.507706470529946731e-08
-1.507706470535149367e-08
-1.507706470540442992e-08
-1.507706470546718976e-08
-1.507706470551820034e-08
-1.507706470558027528e-08
-1.507706470563259942e-08
-1.507706470568581691e-08
-1.507706470574146300e-08
-1.507706470579956417e-08
-1.507706470585233498e-08
-1.507706470590487419e-08
-1.507706470596486463e-08
-1.507706470601993501e-08
-1.507706470607704356e-08
-1.507706470613404292e-08
-1.507706470618907359e-08
-1.507706470624462373e-08
-1.507706470630000844e-08
-1.507706470635515161e-08
-1.507706470640900768e-08
-1.507706470646760516e-08
-1.507706470652331081e-08
-1.507706470657541326e-08
-1.507706470663266409e-08
-1.507706470668799585e-08
-1.507706470674236478e-08
-1.507706470680164385e-08
-1.507706470685720392e-08
-1.507706470691160924e-08
