6.372559533397952843e-09
6.372559533401495657e-09
6.372559533405038472e-09
6.372559533408413369e-09
6.372559533411925578e-09
6.372559533415669397e-09
6.372559533419072418e-09
6.372559533422728556e-09
6.372559533426358225e-09
6.372559533429609872e-09
6.372559533433441372e-09
6.372559533436972607e-09
6.372559533440526174e-09
6.372559533443907689e-09
6.372559533447368612e-09
6.372559533450776597e-09
6.372559533454784287e-09
6.372559533458208814e-09
6.372559533461668084e-09
6.372559533465132316e-09
6.372559533468503077e-09
6.372559533472457000e-09
6.372559533475994025e-09
6.372559533479368922e-09
6.372559533483015961e-09
6.372559533486643975e-09
6.372559533490046169e-09
6.372559533493610490e-09
6.372559533497059833e-09
6.372559533500847493e-09
6.372559533504138018e-09
6.372559533507772649e-09
6.372559533511341934e-09
6.372559533515053493e-09
6.372559533518557430e-09
6.372559533522094455e-09
6.372559533525399041e-09
6.372559533529028710e-09
6.372559533532747714e-09
6.372559533536140809e-09
6.372559533539617449e-09
6.372559533543404282e-09
6.372559533546948750e-09
6.372559533550221077e-09
6.372559533553969860e-09
6.372559533557465525e-09
6.372559533560864410e-09
6.372559533564645453e-09
6.372559533568119611e-09
6.372559533571825380e-09
6.372559533575451740e-09
6.372559533578889503e-09
6.372559533582242066e-09
6.372559533586062813e-09
6.372559533589424475e-09
6.372559533592700110e-09
6.372559533596328952e-09
6.372559533600103377e-09
6.372559533603632956e-09
6.372559533607052521e-09
6.372559533610922072e-09
6.372559533614301105e-09
6.372559533617743830e-09
6.372559533621460353e-09
6.372559533625039563e-09
6.372559533628627873e-09
6.372559533632140082e-09
6.372559533635404964e-09
6.372559533639310911e-09
6.372559533642655202e-09
6.372559533646218696e-09
6.372559533649828512e-09
6.372559533653520219e-09
6.372559533656841349e-09
6.372559533660365139e-09
6.372559533663975782e-09
6.372559533667588080e-09
6.372559533671116005e-09
6.372559533674625732e-09
6.372559533678249611e-09
6.372559533681746103e-09
6.372559533685390661e-09
6.372559533688635690e-09
6.372559533692434104e-09
6.372559533695822236e-09
6.372559533699650427e-09
6.372559533703040214e-09
6.372559533706777416e-09
6.372559533709957098e-09
6.372559533713821686e-09
6.372559533717470379e-09
6.372559533720851894e-09
6.372559533724387264e-09
6.372559533727899473e-09
6.372559533731371150e-09
6.372559533735034733e-09
6.372559533738624696e-09
6.372559533742079830e-09
6.372559533745729351e-09
6.372559533749108383e-09
6.372559533752450193e-09
6.372559533756305682e-09
6.372559533759798866e-09
6.372559533763210986e-09
6.372559533766972176e-09
6.372559533770360308e-09
6.372559533773993285e-09
6.372559533777494741e-09
6.372559533780999505e-09
6.372559533784567135e-09
6.372559533788167852e-09
6.372559533791778495e-09
6.372559533795505771e-09
6.372559533798732603e-09
6.372559533802315949e-09
6.372559533805912530e-09
6.372559533809519038e-09
6.372559533813222326e-09
6.372559533816602186e-09
6.372559533820242607e-09
6.372559533823575318e-09
6.372559533827132195e-09
6.372559533830830519e-09
6.372559533834355136e-09
6.372559533838163475e-09
6.372559533841504458e-09
6.372559533845086977e-09
6.372559533848522258e-09
6.372559533852080789e-09
6.372559533855742718e-09
6.372559533859002637e-09
6.372559533862819248e-09
6.372559533866348828e-09
6.372559533869870963e-09
6.372559533873348430e-09
6.372559533877069088e-09
6.372559533880568890e-09
6.372559533884093506e-09
6.372559533887511416e-09
6.372559533891159283e-09
6.372559533894421683e-09
6.372559533898291234e-09
6.372559533901697564e-09
6.372559533905218045e-09
6.372559533909023075e-09
6.372559533912447603e-09
6.372559533915945750e-09
6.372559533919531578e-09
6.372559533923090936e-09
6.372559533926541934e-09
6.372559533930133552e-09
6.372559533933475361e-09
6.372559533937112475e-09
6.372559533940951420e-09
6.372559533944362713e-09
6.372559533947951022e-09
6.372559533951527751e-09
6.372559533954911747e-09
6.372559533958677073e-09
6.372559533961975869e-09
6.372559533965671712e-09
6.372559533969287319e-09
6.372559533972773058e-09
6.372559533976387837e-09
6.372559533979830563e-09
6.372559533983394884e-09
6.372559533986854154e-09
6.372559533990429228e-09
6.372559533993971216e-09
6.372559533997743986e-09
6.372559534001023757e-09
6.372559534004875110e-09
6.372559534008485754e-09
6.372559534011857342e-09
6.372559534015150348e-09
6.372559534019036442e-09
6.372559534022393141e-09
6.372559534025974833e-09
6.372559534029636762e-09
6.372559534033199429e-09
6.372559534036772022e-09
6.372559534040213093e-09
6.372559534043548286e-09
