4.040135838521535161e-08
4.040135838520584896e-08
4.040135838519590956e-08
4.040135838518716791e-08
4.040135838517745350e-08
4.040135838516765307e-08
4.040135838515832247e-08
4.040135838514901173e-08
4.040135838513950908e-08
4.040135838513013877e-08
4.040135838512006041e-08
4.040135838511133861e-08
4.040135838510173670e-08
4.040135838509178406e-08
4.040135838508277772e-08
4.040135838507305669e-08
4.040135838506426873e-08
4.040135838505470652e-08
4.040135838504403258e-08
4.040135838503513212e-08
4.040135838502617210e-08
4.040135838501668268e-08
4.040135838500693518e-08
4.040135838499724725e-08
4.040135838498885633e-08
4.040135838497884413e-08
4.040135838496894443e-08
4.040135838495999765e-08
4.040135838494954870e-08
4.040135838494056883e-08
4.040135838493160881e-08
4.040135838492173558e-08
4.040135838491224617e-08
4.040135838490273690e-08
4.040135838489379673e-08
4.040135838488418158e-08
4.040135838487506936e-08
4.040135838486534172e-08
4.040135838485615009e-08
4.040135838484668052e-08
4.040135838483613231e-08
4.040135838482700686e-08
4.040135838481798066e-08
4.040135838480878241e-08
4.040135838479939226e-08
4.040135838478965138e-08
4.040135838477996344e-08
4.040135838477042109e-08
4.040135838476091182e-08
4.040135838475154813e-08
4.040135838474220430e-08
4.040135838473249651e-08
4.040135838472315930e-08
4.040135838471374267e-08
4.040135838470483559e-08
4.040135838469496898e-08
4.040135838468546633e-08
4.040135838467610926e-08
4.040135838466640809e-08
4.040135838465699146e-08
4.040135838464764763e-08
4.040135838463862144e-08
4.040135838462865556e-08
4.040135838461987422e-08
4.040135838461002746e-08
4.040135838460006820e-08
4.040135838459088319e-08
4.040135838458129451e-08
4.040135838457221538e-08
4.040135838456210392e-08
4.040135838455293876e-08
4.040135838454408462e-08
4.040135838453385405e-08
4.040135838452453669e-08
4.040135838451572225e-08
4.040135838450585564e-08
4.040135838449684268e-08
4.040135838448727385e-08
4.040135838447803590e-08
4.040135838446824870e-08
4.040135838445838209e-08
4.040135838444921693e-08
4.040135838443934370e-08
4.040135838443023810e-08
4.040135838442067589e-08
4.040135838441137838e-08
4.040135838440216028e-08
4.040135838439284292e-08
4.040135838438337997e-08
4.040135838437366556e-08
4.040135838436403056e-08
4.040135838435476614e-08
4.040135838434496570e-08
4.040135838433570128e-08
4.040135838432626480e-08
4.040135838431678200e-08
4.040135838430714700e-08
4.040135838429757818e-08
4.040135838428830714e-08
4.040135838427877802e-08
4.040135838426899743e-08
4.040135838426065945e-08
4.040135838425043550e-08
4.040135838424097255e-08
4.040135838423190666e-08
4.040135838422260915e-08
4.040135838421245798e-08
4.040135838420302151e-08
4.040135838419412766e-08
4.040135838418473751e-08
4.040135838417458635e-08
4.040135838416554692e-08
4.040135838415615015e-08
4.040135838414611810e-08
4.040135838413684706e-08
4.040135838412780101e-08
4.040135838411868217e-08
4.040135838410923908e-08
4.040135838409933938e-08
4.040135838409026686e-08
4.040135838408020835e-08
4.040135838407052703e-08
4.040135838406107732e-08
4.040135838405164084e-08
4.040135838404224407e-08
4.040135838403311199e-08
4.040135838402378801e-08
4.040135838401421919e-08
4.040135838400478933e-08
4.040135838399563740e-08
4.040135838398579064e-08
4.040135838397584462e-08
4.040135838396669932e-08
4.040135838395748122e-08
4.040135838394802489e-08
4.040135838393809872e-08
4.040135838392935707e-08
4.040135838391955664e-08
4.040135838390973635e-08
4.040135838390107412e-08
4.040135838389152514e-08
4.040135838388179750e-08
4.040135838387248675e-08
4.040135838386262676e-08
4.040135838385376600e-08
4.040135838384385969e-08
4.040135838383427101e-08
4.040135838382504629e-08
4.040135838381605318e-08
4.040135838380620642e-08
4.040135838379633981e-08
4.040135838378701583e-08
4.040135838377759259e-08
4.040135838376869213e-08
4.040135838375852112e-08
4.040135838375005079e-08
4.040135838374026359e-08
4.040135838372998669e-08
4.040135838372113255e-08
4.040135838371157696e-08
4.040135838370183608e-08
4.040135838369296209e-08
4.040135838368336018e-08
4.040135838367339431e-08
4.040135838366386519e-08
4.040135838365478605e-08
4.040135838364554810e-08
4.040135838363558884e-08
4.040135838362675455e-08
4.040135838361757616e-08
4.040135838360747794e-08
4.040135838359807455e-08
4.040135838358847925e-08
4.040135838357840750e-08
4.040135838357049966e-08
4.040135838356039482e-08
4.040135838355124951e-08
4.040135838354158804e-08
4.040135838353250229e-08
4.040135838352284743e-08
4.040135838351350360e-08
4.040135838350404727e-08
4.040135838349373068e-08
