7.113999936342795314e-08
7.113999936341870196e-08
7.113999936340851109e-08
7.113999936339838640e-08
7.113999936338939991e-08
7.113999936337862671e-08
7.113999936336899171e-08
7.113999936335925083e-08
7.113999936334908644e-08
7.113999936334008671e-08
7.113999936332959144e-08
7.113999936331888442e-08
7.113999936330914354e-08
7.113999936329933649e-08
7.113999936328972796e-08
7.113999936327961650e-08
7.113999936326970357e-08
7.113999936325934065e-08
7.113999936325030122e-08
7.113999936323959419e-08
7.113999936322997243e-08
7.113999936321975509e-08
7.113999936321070243e-08
7.113999936320051156e-08
7.113999936319059863e-08
7.113999936318005042e-08
7.113999936316993897e-08
7.113999936316070101e-08
7.113999936315057632e-08
7.113999936314042516e-08
7.113999936313073722e-08
7.113999936312086400e-08
7.113999936311091136e-08
7.113999936310111754e-08
7.113999936309104579e-08
7.113999936308076228e-08
7.113999936307091552e-08
7.113999936306087024e-08
7.113999936305130142e-08
7.113999936304152083e-08
7.113999936303077410e-08
7.113999936302095381e-08
7.113999936301133205e-08
7.113999936300108824e-08
7.113999936299223410e-08
7.113999936298197706e-08
7.113999936297201119e-08
7.113999936296193944e-08
7.113999936295174857e-08
7.113999936294231210e-08
7.113999936293192271e-08
7.113999936292200978e-08
7.113999936291254683e-08
7.113999936290227656e-08
7.113999936289244303e-08
7.113999936288208011e-08
7.113999936287273628e-08
7.113999936286216161e-08
7.113999936285256631e-08
7.113999936284266661e-08
7.113999936283233016e-08
7.113999936282317162e-08
7.113999936281257047e-08
7.113999936280244578e-08
7.113999936279343282e-08
7.113999936278342725e-08
7.113999936277344814e-08
7.113999936276346903e-08
7.113999936275321199e-08
7.113999936274369611e-08
7.113999936273354495e-08
7.113999936272356584e-08
7.113999936271363967e-08
7.113999936270327675e-08
7.113999936269402557e-08
7.113999936268358324e-08
7.113999936267382912e-08
7.113999936266410148e-08
7.113999936265400326e-08
7.113999936264379916e-08
7.113999936263391270e-08
7.113999936262431740e-08
7.113999936261469564e-08
7.113999936260449154e-08
7.113999936259467125e-08
7.113999936258477155e-08
7.113999936257497773e-08
7.113999936256507803e-08
7.113999936255487393e-08
7.113999936254486836e-08
7.113999936253450544e-08
7.113999936252504249e-08
7.113999936251465310e-08
7.113999936250532251e-08
7.113999936249525076e-08
7.113999936248550988e-08
7.113999936247553077e-08
7.113999936246551196e-08
7.113999936245525492e-08
7.113999936244638754e-08
7.113999936243546876e-08
7.113999936242522495e-08
7.113999936241564289e-08
7.113999936240635200e-08
7.113999936239597585e-08
7.113999936238606291e-08
7.113999936237622939e-08
7.113999936236601206e-08
7.113999936235605942e-08
7.113999936234610678e-08
7.113999936233606150e-08
7.113999936232634709e-08
7.113999936231652680e-08
7.113999936230652123e-08
7.113999936229654212e-08
7.113999936228668213e-08
7.113999936227668979e-08
7.113999936226665774e-08
7.113999936225691686e-08
7.113999936224741421e-08
7.113999936223711746e-08
7.113999936222725747e-08
7.113999936221775482e-08
7.113999936220741837e-08
7.113999936219745250e-08
7.113999936218727487e-08
7.113999936217779869e-08
7.113999936216774017e-08
7.113999936215733755e-08
7.113999936214802019e-08
7.113999936213757786e-08
7.113999936212762522e-08
7.113999936211828139e-08
7.113999936210756113e-08
7.113999936209840258e-08
7.113999936208847642e-08
7.113999936207831202e-08
7.113999936206875643e-08
7.113999936205864498e-08
7.113999936204887763e-08
7.113999936203826325e-08
7.113999936202850913e-08
7.113999936201880796e-08
7.113999936200852445e-08
7.113999936199865122e-08
7.113999936198891034e-08
7.113999936197887830e-08
7.113999936196895213e-08
7.113999936195874803e-08
7.113999936194925861e-08
7.113999936193912069e-08
7.113999936192928716e-08
7.113999936191951981e-08
7.113999936190977894e-08
7.113999936189920426e-08
7.113999936188919868e-08
7.113999936188021219e-08
7.113999936187041837e-08
7.113999936185975105e-08
7.113999936185026164e-08
7.113999936183946197e-08
7.113999936182993285e-08
7.113999936181956993e-08
7.113999936181000110e-08
7.113999936180061756e-08
7.113999936179016200e-08
7.113999936178072552e-08
7.113999936177026996e-08
7.113999936176031732e-08
7.113999936175029851e-08
7.113999936174071645e-08
7.113999936173055206e-08
7.113999936172089059e-08
7.113999936171140117e-08
7.113999936170085297e-08
7.113999936169103268e-08
7.113999936168047123e-08
7.113999936167152445e-08
7.113999936166147917e-08
7.113999936165152653e-08
7.113999936164132243e-08
7.113999936163172714e-08
7.113999936162222448e-08
