-9.974649682313267972e-08
-9.974649682329217338e-08
-9.974649682344977445e-08
-9.974649682361513116e-08
-9.974649682376121787e-08
-9.974649682392953920e-08
-9.974649682408962843e-08
-9.974649682423993707e-08
-9.974649682440021159e-08
-9.974649682457729441e-08
-9.974649682473603368e-08
-9.974649682488708348e-08
-9.974649682505963997e-08
-9.974649682521649989e-08
-9.974649682538030812e-08
-9.974649682554812652e-08
-9.974649682569852781e-08
-9.974649682585836557e-08
-9.974649682601760777e-08
-9.974649682617830580e-08
-9.974649682634003615e-08
-9.974649682650066801e-08
-9.974649682666684528e-08
-9.974649682682250082e-08
-9.974649682697582702e-08
-9.974649682713471187e-08
-9.974649682730859186e-08
-9.974649682747249273e-08
-9.974649682762861149e-08
-9.974649682778228180e-08
-9.974649682794808850e-08
-9.974649682809896624e-08
-9.974649682827962249e-08
-9.974649682842997083e-08
-9.974649682858481904e-08
-9.974649682875471532e-08
-9.974649682891587658e-08
-9.974649682907059244e-08
-9.974649682923073461e-08
-9.974649682939487371e-08
-9.974649682955743786e-08
-9.974649682971270959e-08
-9.974649682987195178e-08
-9.974649683003071752e-08
-9.974649683020013734e-08
-9.974649683036006775e-08
-9.974649683052809791e-08
-9.974649683068514312e-08
-9.974649683084987779e-08
-9.974649683100863029e-08
-9.974649683115986538e-08
-9.974649683131704293e-08
-9.974649683148908326e-08
-9.974649683165318266e-08
-9.974649683181520418e-08
-9.974649683197166705e-08
-9.974649683213462825e-08
-9.974649683228563834e-08
-9.974649683245804925e-08
-9.974649683261129604e-08
-9.974649683278364077e-08
-9.974649683294617846e-08
-9.974649683308953878e-08
-9.974649683326038797e-08
-9.974649683341088191e-08
-9.974649683357961352e-08
-9.974649683373692342e-08
-9.974649683390680646e-08
-9.974649683406689569e-08
-9.974649683422562172e-08
-9.974649683438040376e-08
-9.974649683454173706e-08
-9.974649683470386446e-08
-9.974649683487160346e-08
-9.974649683502473113e-08
-9.974649683518908199e-08
-9.974649683534885358e-08
-9.974649683551468675e-08
-9.974649683566876734e-08
-9.974649683583264175e-08
-9.974649683598886639e-08
-9.974649683614854533e-08
-9.974649683630932277e-08
-9.974649683647228397e-08
-9.974649683663625102e-08
-9.974649683678517000e-08
-9.974649683694883265e-08
-9.974649683712419494e-08
-9.974649683727390801e-08
-9.974649683744495573e-08
-9.974649683760733459e-08
-9.974649683776009169e-08
-9.974649683792984238e-08
-9.974649683807522765e-08
-9.974649683824116670e-08
-9.974649683840861452e-08
-9.974649683856145103e-08
-9.974649683871713304e-08
-9.974649683888466027e-08
-9.974649683904852144e-08
-9.974649683920849156e-08
-9.974649683937196892e-08
-9.974649683953901970e-08
-9.974649683969769279e-08
-9.974649683985363950e-08
-9.974649684001182290e-08
-9.974649684017162096e-08
-9.974649684033540272e-08
-9.974649684049870802e-08
-9.974649684065513119e-08
-9.974649684082287018e-08
-9.974649684096927453e-08
-9.974649684113701352e-08
-9.974649684129400579e-08
-9.974649684145777431e-08
-9.974649684162385895e-08
-9.974649684178818334e-08
-9.974649684194184041e-08
-9.974649684210044733e-08
-9.974649684226416291e-08
-9.974649684244470005e-08
-9.974649684257854449e-08
-9.974649684275163038e-08
-9.974649684291055493e-08
-9.974649684307355584e-08
-9.974649684323111720e-08
-9.974649684338960500e-08
-9.974649684355268532e-08
-9.974649684371630826e-08
-9.974649684387577545e-08
-9.974649684403736022e-08
-9.974649684419775384e-08
-9.974649684435101387e-08
-9.974649684451420006e-08
-9.974649684468364635e-08
-9.974649684483072568e-08
-9.974649684499473244e-08
-9.974649684515680690e-08
-9.974649684532138275e-08
-9.974649684547903676e-08
-9.974649684564157444e-08
-9.974649684580919432e-08
-9.974649684596905856e-08
-9.974649684612492585e-08
-9.974649684629247956e-08
-9.974649684645161587e-08
-9.974649684660725818e-08
-9.974649684677587067e-08
-9.974649684692602050e-08
-9.974649684708700970e-08
-9.974649684724753568e-08
-9.974649684742521407e-08
-9.974649684757644916e-08
-9.974649684773238263e-08
-9.974649684789507913e-08
-9.974649684805528747e-08
-9.974649684822622931e-08
-9.974649684837545269e-08
-9.974649684853296111e-08
-9.974649684869289152e-08
-9.974649684885356308e-08
-9.974649684902259910e-08
-9.974649684917708996e-08
-9.974649684934693331e-08
-9.974649684949560082e-08
-9.974649684966881906e-08
-9.974649684981649396e-08
-9.974649684999147244e-08
-9.974649685015244840e-08
-9.974649685030912303e-08
-9.974649685046954313e-08
-9.974649685063225286e-08
-9.974649685079488319e-08
-9.974649685093996405e-08
-9.974649685111281171e-08
-9.974649685126915547e-08
-9.974649685142860942e-08
-9.974649685160278057e-08
-9.974649685176519914e-08
-9.974649685190952561e-08
-9.974649685208011010e-08
-9.974649685224460655e-08
-9.974649685238864185e-08
