3.815707085068820077e-07
3.815707085062546740e-07
3.815707085056443338e-07
3.815707085049984182e-07
3.815707085044468410e-07
3.815707085038000254e-07
3.815707085031547451e-07
3.815707085025796627e-07
3.815707085019065891e-07
3.815707085013252598e-07
3.815707085006890852e-07
3.815707085000366580e-07
3.815707084994576051e-07
3.815707084988216422e-07
3.815707084981863675e-07
3.815707084975825389e-07
3.815707084969581168e-07
3.815707084963439650e-07
3.815707084957145136e-07
3.815707084950933738e-07
3.815707084945255970e-07
3.815707084938573409e-07
3.815707084932083019e-07
3.815707084926257021e-07
3.815707084920036623e-07
3.815707084914082510e-07
3.815707084907601650e-07
3.815707084900947147e-07
3.815707084895294790e-07
3.815707084888817106e-07
3.815707084882700998e-07
3.815707084876660595e-07
3.815707084870466137e-07
3.815707084863868809e-07
3.815707084858169866e-07
3.815707084851681064e-07
3.815707084845398197e-07
3.815707084839051273e-07
3.815707084833021987e-07
3.815707084826756590e-07
3.815707084820614013e-07
3.815707084814580491e-07
3.815707084808419385e-07
3.815707084801818352e-07
3.815707084796261286e-07
3.815707084789391320e-07
3.815707084783419208e-07
3.815707084777203574e-07
3.815707084770984235e-07
3.815707084764881362e-07
3.815707084758378267e-07
3.815707084752473918e-07
3.815707084746312812e-07
3.815707084740104590e-07
3.815707084733764548e-07
3.815707084727744262e-07
3.815707084721375103e-07
3.815707084714790481e-07
3.815707084708708255e-07
3.815707084702453975e-07
3.815707084696681975e-07
3.815707084690531987e-07
3.815707084684295177e-07
3.815707084677579794e-07
3.815707084671648975e-07
3.815707084665483634e-07
3.815707084658865660e-07
3.815707084653217538e-07
3.815707084647155430e-07
3.815707084640873092e-07
3.815707084634765455e-07
3.815707084627903429e-07
3.815707084621818556e-07
3.815707084615856503e-07
3.815707084609495286e-07
3.815707084603458588e-07
3.815707084597210132e-07
3.815707084590960087e-07
3.815707084584876803e-07
3.815707084578926396e-07
3.815707084572384655e-07
3.815707084566428954e-07
3.815707084560224968e-07
3.815707084553898161e-07
3.815707084547408830e-07
3.815707084541097905e-07
3.815707084535151204e-07
3.815707084529093330e-07
3.815707084522553707e-07
3.815707084516384130e-07
3.815707084509985855e-07
3.815707084504247207e-07
3.815707084497927282e-07
3.815707084492142577e-07
3.815707084485516132e-07
3.815707084478957980e-07
3.815707084473291859e-07
3.815707084467056637e-07
3.815707084460389429e-07
3.815707084454616900e-07
3.815707084448483322e-07
3.815707084442110988e-07
3.815707084436022409e-07
3.815707084429464786e-07
3.815707084423302621e-07
3.815707084417111869e-07
3.815707084410858119e-07
3.815707084404625545e-07
3.815707084398687844e-07
3.815707084392600853e-07
3.815707084386420689e-07
3.815707084380099176e-07
3.815707084374085772e-07
3.815707084367696496e-07
3.815707084361530096e-07
3.815707084355199054e-07
3.815707084348948481e-07
3.815707084343155834e-07
3.815707084336583388e-07
3.815707084330119997e-07
3.815707084324178061e-07
3.815707084318135010e-07
3.815707084311687501e-07
3.815707084305703214e-07
3.815707084299286410e-07
3.815707084293103598e-07
3.815707084286813849e-07
3.815707084281020144e-07
3.815707084274393699e-07
3.815707084268318356e-07
3.815707084262290128e-07
3.815707084256052789e-07
3.815707084249585163e-07
3.815707084243799399e-07
3.815707084237133250e-07
3.815707084230958909e-07
3.815707084224575986e-07
3.815707084218411704e-07
3.815707084212008664e-07
3.815707084206094786e-07
3.815707084200004090e-07
3.815707084193605815e-07
3.815707084187341477e-07
3.815707084181208429e-07
3.815707084175111380e-07
3.815707084169178443e-07
3.815707084162791815e-07
3.815707084156224662e-07
3.815707084150551659e-07
3.815707084144319614e-07
3.815707084137962103e-07
3.815707084131685059e-07
3.815707084125428662e-07
3.815707084119104502e-07
3.815707084112888869e-07
3.815707084106793937e-07
3.815707084100656654e-07
3.815707084094569664e-07
3.815707084088013099e-07
3.815707084081876345e-07
3.815707084075817942e-07
3.815707084069863830e-07
3.815707084063685254e-07
3.815707084056959813e-07
3.815707084051199459e-07
3.815707084044715422e-07
3.815707084038378557e-07
3.815707084032590145e-07
3.815707084026051580e-07
3.815707084020179524e-07
3.815707084013810366e-07
3.815707084007755669e-07
3.815707084001460626e-07
3.815707083995212699e-07
3.815707083988780542e-07
3.815707083983132950e-07
3.815707083976267748e-07
3.815707083970602686e-07
3.815707083964594575e-07
3.815707083957628259e-07
3.815707083951740321e-07
3.815707083945578686e-07
3.815707083939093590e-07
