-8.885238509903065928e-08
-8.885238509941473578e-08
-8.885238509982497766e-08
-8.885238510023888560e-08
-8.885238510062416648e-08
-8.885238510100947383e-08
-8.885238510144381644e-08
-8.885238510183811028e-08
-8.885238510222928068e-08
-8.885238510260994258e-08
-8.885238510302614016e-08
-8.885238510342669410e-08
-8.885238510384392400e-08
-8.885238510424359120e-08
-8.885238510463428515e-08
-8.885238510505229591e-08
-8.885238510543860911e-08
-8.885238510586866362e-08
-8.885238510626298393e-08
-8.885238510665268526e-08
-8.885238510705444357e-08
-8.885238510745248288e-08
-8.885238510785956162e-08
-8.885238510824456457e-08
-8.885238510869719780e-08
-8.885238510907649650e-08
-8.885238510944461173e-08
-8.885238510987134428e-08
-8.885238511026174706e-08
-8.885238511068375476e-08
-8.885238511106702393e-08
-8.885238511147325564e-08
-8.885238511189313252e-08
-8.885238511228488525e-08
-8.885238511269811822e-08
-8.885238511308330645e-08
-8.885238511351422123e-08
-8.885238511388579076e-08
-8.885238511431552763e-08
-8.885238511471678302e-08
-8.885238511507739406e-08
-8.885238511551351015e-08
-8.885238511592749750e-08
-8.885238511630027141e-08
-8.885238511671587342e-08
-8.885238511711462742e-08
-8.885238511754150555e-08
-8.885238511792084396e-08
-8.885238511833407693e-08
-8.885238511870587145e-08
-8.885238511913497305e-08
-8.885238511952331118e-08
-8.885238511994174546e-08
-8.885238512032313528e-08
-8.885238512075068839e-08
-8.885238512114318229e-08
-8.885238512154603910e-08
-8.885238512195364723e-08
-8.885238512234485734e-08
-8.885238512276969730e-08
-8.885238512316384556e-08
-8.885238512355848350e-08
-8.885238512397319877e-08
-8.885238512434615797e-08
-8.885238512477712568e-08
-8.885238512517204156e-08
-8.885238512556956471e-08
-8.885238512597637875e-08
-8.885238512638476775e-08
-8.885238512678839218e-08
-8.885238512716824675e-08
-8.885238512758727660e-08
-8.885238512795568299e-08
-8.885238512837595692e-08
-8.885238512879992338e-08
-8.885238512921408279e-08
-8.885238512958606260e-08
-8.885238513000706444e-08
-8.885238513038955276e-08
-8.885238513081207661e-08
-8.885238513120239998e-08
-8.885238513159789820e-08
-8.885238513200724010e-08
-8.885238513242063189e-08
-8.885238513283821913e-08
-8.885238513321877515e-08
-8.885238513361831000e-08
-8.885238513402957097e-08
-8.885238513442790145e-08
-8.885238513482019682e-08
-8.885238513522816229e-08
-8.885238513561409168e-08
-8.885238513603727728e-08
-8.885238513645486453e-08
-8.885238513683749842e-08
-8.885238513726040609e-08
-8.885238513765005448e-08
-8.885238513806556385e-08
-8.885238513845294907e-08
-8.885238513884137985e-08
-8.885238513926911826e-08
-8.885238513967562790e-08
-8.885238514006224550e-08
-8.885238514046281267e-08
-8.885238514087665444e-08
-8.885238514126470141e-08
-8.885238514165474685e-08
-8.885238514208026179e-08
-8.885238514249865636e-08
-8.885238514287603601e-08
-8.885238514330259651e-08
-8.885238514369212578e-08
-8.885238514408897396e-08
-8.885238514448955437e-08
-8.885238514490744601e-08
-8.885238514531980547e-08
-8.885238514568470462e-08
-8.885238514613154097e-08
-8.885238514649397843e-08
-8.885238514691819635e-08
-8.885238514731294017e-08
-8.885238514771459261e-08
-8.885238514811002464e-08
-8.885238514852881626e-08
-8.885238514892084693e-08
-8.885238514931455844e-08
-8.885238514971410652e-08
-8.885238515012771006e-08
-8.885238515054737519e-08
-8.885238515094446158e-08
-8.885238515134363910e-08
-8.885238515174488125e-08
-8.885238515215115266e-08
-8.885238515256637086e-08
-8.885238515293089943e-08
-8.885238515331663029e-08
-8.885238515377274430e-08
-8.885238515413666406e-08
-8.885238515455058524e-08
-8.885238515497164003e-08
-8.885238515534041700e-08
-8.885238515575274999e-08
-8.885238515617691497e-08
-8.885238515657895122e-08
-8.885238515697029368e-08
-8.885238515734874535e-08
-8.885238515778328649e-08
-8.885238515819121226e-08
-8.885238515860621870e-08
-8.885238515899685971e-08
-8.885238515942903180e-08
-8.885238515980266597e-08
-8.885238516020368313e-08
-8.885238516061690286e-08
-8.885238516099084144e-08
-8.885238516141126095e-08
-8.885238516180572684e-08
-8.885238516218851956e-08
-8.885238516261574180e-08
-8.885238516302439549e-08
-8.885238516342010546e-08
-8.885238516381909768e-08
-8.885238516422566026e-08
-8.885238516460658686e-08
-8.885238516499807490e-08
-8.885238516542701768e-08
-8.885238516583482434e-08
-8.885238516622607415e-08
-8.885238516664907447e-08
-8.885238516702845258e-08
-8.885238516740948506e-08
-8.885238516781815199e-08
-8.885238516822767918e-08
-8.885238516864381059e-08
-8.885238516905234517e-08
-8.885238516945124474e-08
-8.885238516985922346e-08
-8.885238517024790570e-08
-8.885238517069505969e-08
-8.885238517104534752e-08
-8.885238517148109303e-08
-8.885238517186239020e-08
-8.885238517229637547e-08
