-7.108891325216152069e-08
-7.108891325221142946e-08
-7.108891325226544104e-08
-7.108891325231745416e-08
-7.108891325236909670e-08
-7.108891325242145392e-08
-7.108891325247280530e-08
-7.108891325252810066e-08
-7.108891325257610361e-08
-7.108891325263030048e-08
-7.108891325268519881e-08
-7.108891325273410172e-08
-7.108891325278955591e-08
-7.108891325284119845e-08
-7.108891325289330421e-08
-7.108891325294404678e-08
-7.108891325299498787e-08
-7.108891325304983326e-08
-7.108891325310101257e-08
-7.108891325315326392e-08
-7.108891325320395355e-08
-7.108891325325779308e-08
-7.108891325330762244e-08
-7.108891325336429424e-08
-7.108891325341589707e-08
-7.108891325346903516e-08
-7.108891325351845423e-08
-7.108891325356815125e-08
-7.108891325362486275e-08
-7.108891325367559208e-08
-7.108891325372704933e-08
-7.108891325378078298e-08
-7.108891325383310050e-08
-7.108891325388592095e-08
-7.108891325393699439e-08
-7.108891325398620171e-08
-7.108891325404068975e-08
-7.108891325408971178e-08
-7.108891325414396160e-08
-7.108891325419532620e-08
-7.108891325425612729e-08
-7.108891325430066269e-08
-7.108891325435055823e-08
-7.108891325440466245e-08
-7.108891325445547120e-08
-7.108891325451171948e-08
-7.108891325456627369e-08
-7.108891325461338990e-08
-7.108891325466975730e-08
-7.108891325471926902e-08
-7.108891325477296297e-08
-7.108891325482543931e-08
-7.108891325487950383e-08
-7.108891325492877733e-08
-7.108891325497986400e-08
-7.108891325503253886e-08
-7.108891325508825775e-08
-7.108891325513561218e-08
-7.108891325519139724e-08
-7.108891325524481326e-08
-7.108891325529547642e-08
-7.108891325534885273e-08
-7.108891325539869532e-08
-7.108891325544853792e-08
-7.108891325550396564e-08
-7.108891325555592581e-08
-7.108891325560803158e-08
-7.108891325566069320e-08
-7.108891325571316954e-08
-7.108891325576475914e-08
-7.108891325581701049e-08
-7.108891325586870596e-08
-7.108891325591987205e-08
-7.108891325597218957e-08
-7.108891325602274685e-08
-7.108891325607824074e-08
-7.108891325613061120e-08
-7.108891325618501983e-08
-7.108891325623835644e-08
-7.108891325629042249e-08
-7.108891325633966952e-08
-7.108891325639418403e-08
-7.108891325644757357e-08
-7.108891325649254573e-08
-7.108891325654702054e-08
-7.108891325659968216e-08
-7.108891325665311141e-08
-7.108891325670848619e-08
-7.108891325675621120e-08
-7.108891325680953458e-08
-7.108891325686022420e-08
-7.108891325691492400e-08
-7.108891325696362840e-08
-7.108891325701955904e-08
-7.108891325706977221e-08
-7.108891325712091183e-08
-7.108891325717612779e-08
-7.108891325722672477e-08
-7.108891325728121281e-08
-7.108891325733284212e-08
-7.108891325738077889e-08
-7.108891325744034913e-08
-7.108891325748791532e-08
-7.108891325754156957e-08
-7.108891325759449589e-08
-7.108891325764758103e-08
-7.108891325769440607e-08
-7.108891325775200431e-08
-7.108891325780007343e-08
-7.108891325785813489e-08
-7.108891325790619078e-08
-7.108891325796001708e-08
-7.108891325801180520e-08
-7.108891325806129045e-08
-7.108891325811510352e-08
-7.108891325816802984e-08
-7.108891325822152526e-08
-7.108891325827114287e-08
-7.108891325832359273e-08
-7.108891325837996013e-08
-7.108891325842847924e-08
-7.108891325847908945e-08
-7.108891325853347162e-08
-7.108891325858567002e-08
-7.108891325863496999e-08
-7.108891325869087416e-08
-7.108891325874484604e-08
-7.108891325879683269e-08
-7.108891325884843552e-08
-7.108891325890088539e-08
-7.108891325895183972e-08
-7.108891325900661893e-08
-7.108891325905210724e-08
-7.108891325910685998e-08
-7.108891325916105686e-08
-7.108891325921449934e-08
-7.108891325926150967e-08
-7.108891325931925349e-08
-7.108891325936820935e-08
-7.108891325942212829e-08
-7.108891325947182530e-08
-7.108891325952581042e-08
-7.108891325957986171e-08
-7.108891325963135867e-08
-7.108891325968011600e-08
-7.108891325973496138e-08
-7.108891325978864210e-08
-7.108891325984105226e-08
-7.108891325989712849e-08
-7.108891325994366236e-08
-7.108891325999489462e-08
-7.108891326004669598e-08
-7.108891326010080021e-08
-7.108891326015355448e-08
-7.108891326020727489e-08
-7.108891326025887773e-08
-7.108891326030868062e-08
-7.108891326036072021e-08
-7.108891326041383182e-08
-7.108891326046857132e-08
-7.108891326051963153e-08
-7.108891326057278285e-08
-7.108891326062019022e-08
-7.108891326067420181e-08
-7.108891326072714137e-08
-7.108891326077985593e-08
-7.108891326083415869e-08
-7.108891326088274397e-08
-7.108891326093537912e-08
-7.108891326098958923e-08
-7.108891326103960388e-08
-7.108891326109090231e-08
-7.108891326114599916e-08
-7.108891326119573587e-08
-7.108891326125138859e-08
-7.108891326130252820e-08
-7.108891326135274137e-08
-7.108891326140648826e-08
-7.108891326145918959e-08
-7.108891326151218209e-08
-7.108891326156178646e-08
-7.108891326161628773e-08
-7.108891326166831408e-08
