7.212171750276971485e-08
7.212171750277271917e-08
7.212171750277568378e-08
7.212171750277872781e-08
7.212171750278187771e-08
7.212171750278500115e-08
7.212171750278791282e-08
7.212171750279070538e-08
7.212171750279393470e-08
7.212171750279683314e-08
7.212171750279986393e-08
7.212171750280297413e-08
7.212171750280591227e-08
7.212171750280900924e-08
7.212171750281198709e-08
7.212171750281484582e-08
7.212171750281833983e-08
7.212171750282107946e-08
7.212171750282393819e-08
7.212171750282714104e-08
7.212171750283027771e-08
7.212171750283314968e-08
7.212171750283619370e-08
7.212171750283929067e-08
7.212171750284254645e-08
7.212171750284531254e-08
7.212171750284829039e-08
7.212171750285129471e-08
7.212171750285437844e-08
7.212171750285755481e-08
7.212171750286041355e-08
7.212171750286339140e-08
7.212171750286638248e-08
7.212171750286954562e-08
7.212171750287251024e-08
7.212171750287543515e-08
7.212171750287850564e-08
7.212171750288157614e-08
7.212171750288448781e-08
7.212171750288769066e-08
7.212171750289070821e-08
7.212171750289389782e-08
7.212171750289663744e-08
7.212171750289968147e-08
7.212171750290272549e-08
7.212171750290574305e-08
7.212171750290872090e-08
7.212171750291185757e-08
7.212171750291490159e-08
7.212171750291797209e-08
7.212171750292088376e-08
7.212171750292388808e-08
7.212171750292669388e-08
7.212171750292992319e-08
7.212171750293291428e-08
7.212171750293614359e-08
7.212171750293904203e-08
7.212171750294207282e-08
7.212171750294489185e-08
7.212171750294809469e-08
7.212171750295105931e-08
7.212171750295416951e-08
7.212171750295700178e-08
7.212171750296007227e-08
7.212171750296327511e-08
7.212171750296605444e-08
7.212171750296919111e-08
7.212171750297230131e-08
7.212171750297510710e-08
7.212171750297834965e-08
7.212171750298131427e-08
7.212171750298425241e-08
7.212171750298732291e-08
7.212171750299024782e-08
7.212171750299329184e-08
7.212171750299641528e-08
7.212171750299932695e-08
7.212171750300219892e-08
7.212171750300566646e-08
7.212171750300840609e-08
7.212171750301150305e-08
7.212171750301448090e-08
7.212171750301765728e-08
7.212171750302060866e-08
7.212171750302374532e-08
7.212171750302648495e-08
7.212171750302959515e-08
7.212171750303252006e-08
7.212171750303573613e-08
7.212171750303875369e-08
7.212171750304181095e-08
7.212171750304484174e-08
7.212171750304784606e-08
7.212171750305074450e-08
7.212171750305393411e-08
7.212171750305704431e-08
7.212171750305981040e-08
7.212171750306303971e-08
7.212171750306600433e-08
7.212171750306883659e-08
7.212171750307211885e-08
7.212171750307503052e-08
7.212171750307807455e-08
7.212171750308086711e-08
7.212171750308430818e-08
7.212171750308718015e-08
7.212171750309010506e-08
7.212171750309301674e-08
7.212171750309624605e-08
7.212171750309926361e-08
7.212171750310226793e-08
7.212171750310517960e-08
7.212171750310823686e-08
7.212171750311113530e-08
7.212171750311424550e-08
7.212171750311740864e-08
7.212171750312039972e-08
7.212171750312332464e-08
7.212171750312634219e-08
7.212171750312937298e-08
7.212171750313236406e-08
7.212171750313544779e-08
7.212171750313846535e-08
7.212171750314140349e-08
7.212171750314447399e-08
7.212171750314770330e-08
7.212171750315058851e-08
7.212171750315365900e-08
7.212171750315653097e-08
7.212171750315952206e-08
7.212171750316271167e-08
7.212171750316571599e-08
7.212171750316864090e-08
7.212171750317149963e-08
7.212171750317478189e-08
7.212171750317774650e-08
7.212171750318073759e-08
7.212171750318395367e-08
7.212171750318678593e-08
7.212171750318982996e-08
7.212171750319294016e-08
7.212171750319586507e-08
7.212171750319875027e-08
7.212171750320201929e-08
7.212171750320489126e-08
7.212171750320793529e-08
7.212171750321108519e-08
7.212171750321393069e-08
7.212171750321713353e-08
7.212171750322015109e-08
7.212171750322319511e-08
7.212171750322633178e-08
7.212171750322916405e-08
7.212171750323210219e-08
7.212171750323529180e-08
7.212171750323813730e-08
7.212171750324118133e-08
7.212171750324417241e-08
7.212171750324724291e-08
7.212171750325018105e-08
7.212171750325327802e-08
7.212171750325650733e-08
7.212171750325940577e-08
7.212171750326247627e-08
7.212171750326537471e-08
7.212171750326847167e-08
7.212171750327158187e-08
7.212171750327445384e-08
7.212171750327748463e-08
7.212171750328048895e-08
7.212171750328322857e-08
7.212171750328676229e-08
7.212171750328963426e-08
7.212171750329253270e-08
7.212171750329577525e-08
7.212171750329856781e-08
7.212171750330166478e-08
7.212171750330468233e-08
7.212171750330792488e-08
7.212171750331067774e-08
7.212171750331386734e-08
7.212171750331668638e-08
7.212171750331984951e-08
