2.978002425455113046e-07
2.978002425454868995e-07
2.978002425454634472e-07
2.978002425454401538e-07
2.978002425454165957e-07
2.978002425453917671e-07
2.978002425453703795e-07
2.978002425453464508e-07
2.978002425453242691e-07
2.978002425453007110e-07
2.978002425452742413e-07
2.978002425452531184e-07
2.978002425452293485e-07
2.978002425452071668e-07
2.978002425451819147e-07
2.978002425451593624e-07
2.978002425451350102e-07
2.978002425451123521e-07
2.978002425450894822e-07
2.978002425450670888e-07
2.978002425450433189e-07
2.978002425450183844e-07
2.978002425449963086e-07
2.978002425449716917e-07
2.978002425449473395e-07
2.978002425449261107e-07
2.978002425449026056e-07
2.978002425448790475e-07
2.978002425448555952e-07
2.978002425448317724e-07
2.978002425448096437e-07
2.978002425447851856e-07
2.978002425447621040e-07
2.978002425447378576e-07
2.978002425447141407e-07
2.978002425446909532e-07
2.978002425446677127e-07
2.978002425446454781e-07
2.978002425446197495e-07
2.978002425445969855e-07
2.978002425445743273e-07
2.978002425445521457e-07
2.978002425445279523e-07
2.978002425445039177e-07
2.978002425444805714e-07
2.978002425444578074e-07
2.978002425444335081e-07
2.978002425444099500e-07
2.978002425443867096e-07
2.978002425443633632e-07
2.978002425443409168e-07
2.978002425443159823e-07
2.978002425442933771e-07
2.978002425442690249e-07
2.978002425442458374e-07
2.978002425442223852e-07
2.978002425442001505e-07
2.978002425441760101e-07
2.978002425441528226e-07
2.978002425441304291e-07
2.978002425441074004e-07
2.978002425440825188e-07
2.978002425440596490e-07
2.978002425440357732e-07
2.978002425440131680e-07
2.978002425439893452e-07
2.978002425439657871e-07
2.978002425439412232e-07
2.978002425439182474e-07
2.978002425438957481e-07
2.978002425438738311e-07
2.978002425438483672e-07
2.978002425438242267e-07
2.978002425438009333e-07
2.978002425437778517e-07
2.978002425437543995e-07
2.978002425437315296e-07
2.978002425437074950e-07
2.978002425436842016e-07
2.978002425436602200e-07
2.978002425436366089e-07
2.978002425436129450e-07
2.978002425435914515e-07
2.978002425435681051e-07
2.978002425435447588e-07
2.978002425435199301e-07
2.978002425434971661e-07
2.978002425434737669e-07
2.978002425434523263e-07
2.978002425434269153e-07
2.978002425434042572e-07
2.978002425433803285e-07
2.978002425433572998e-07
2.978002425433340064e-07
2.978002425433109777e-07
2.978002425432880549e-07
2.978002425432619027e-07
2.978002425432400387e-07
2.978002425432171159e-07
2.978002425431939283e-07
2.978002425431692585e-07
2.978002425431453828e-07
2.978002425431224599e-07
2.978002425430991665e-07
2.978002425430759261e-07
2.978002425430526856e-07
2.978002425430302922e-07
2.978002425430062047e-07
2.978002425429815348e-07
2.978002425429581885e-07
2.978002425429354774e-07
2.978002425429110723e-07
2.978002425428883083e-07
2.978002425428655443e-07
2.978002425428428861e-07
2.978002425428184810e-07
2.978002425427947111e-07
2.978002425427708354e-07
2.978002425427487596e-07
2.978002425427244603e-07
2.978002425427004258e-07
2.978002425426782441e-07
2.978002425426544742e-07
2.978002425426295926e-07
2.978002425426082051e-07
2.978002425425850175e-07
2.978002425425598712e-07
2.978002425425358367e-07
2.978002425425138138e-07
2.978002425424912616e-07
2.978002425424683387e-07
2.978002425424432983e-07
2.978002425424200579e-07
2.978002425423959704e-07
2.978002425423750592e-07
2.978002425423502835e-07
2.978002425423259313e-07
2.978002425423040673e-07
2.978002425422797680e-07
2.978002425422573217e-07
2.978002425422341341e-07
2.978002425422102055e-07
2.978002425421860121e-07
2.978002425421620834e-07
2.978002425421395841e-07
2.978002425421144378e-07
2.978002425420928914e-07
2.978002425420684333e-07
2.978002425420455634e-07
2.978002425420233817e-07
2.978002425419992943e-07
2.978002425419757361e-07
2.978002425419530251e-07
2.978002425419287788e-07
2.978002425419052207e-07
2.978002425418811861e-07
2.978002425418591103e-07
2.978002425418345993e-07
2.978002425418114118e-07
2.978002425417883301e-07
2.978002425417646132e-07
2.978002425417437021e-07
2.978002425417177617e-07
2.978002425416944153e-07
2.978002425416706455e-07
2.978002425416472462e-07
2.978002425416246939e-07
2.978002425416015593e-07
2.978002425415778954e-07
2.978002425415542843e-07
2.978002425415317850e-07
2.978002425415084916e-07
2.978002425414836629e-07
2.978002425414607401e-07
2.978002425414385584e-07
2.978002425414134121e-07
2.978002425413899599e-07
2.978002425413673018e-07
2.978002425413423673e-07
2.978002425413193915e-07
2.978002425412968392e-07
2.978002425412726988e-07
2.978002425412496701e-07
