-8.479304152693455120e-09
-8.479304152731808176e-09
-8.479304152766586158e-09
-8.479304152802508957e-09
-8.479304152832795348e-09
-8.479304152872078156e-09
-8.479304152906942164e-09
-8.479304152941913706e-09
-8.479304152977778603e-09
-8.479304153009896372e-09
-8.479304153048964112e-09
-8.479304153081824689e-09
-8.479304153115755638e-09
-8.479304153147198427e-09
-8.479304153185424098e-09
-8.479304153218780983e-09
-8.479304153253156955e-09
-8.479304153289541321e-09
-8.479304153326230090e-09
-8.479304153358511641e-09
-8.479304153393827290e-09
-8.479304153427797943e-09
-8.479304153465014454e-09
-8.479304153498808090e-09
-8.479304153535328114e-09
-8.479304153568890140e-09
-8.479304153603057663e-09
-8.479304153639253432e-09
-8.479304153676299543e-09
-8.479304153707596749e-09
-8.479304153743678367e-09
-8.479304153776464498e-09
-8.479304153811363248e-09
-8.479304153845927817e-09
-8.479304153880980423e-09
-8.479304153917387950e-09
-8.479304153951787083e-09
-8.479304153985372270e-09
-8.479304154023723672e-09
-8.479304154059110459e-09
-8.479304154092619545e-09
-8.479304154126573655e-09
-8.479304154162120915e-09
-8.479304154197046135e-09
-8.479304154230202842e-09
-8.479304154264299227e-09
-8.479304154299750534e-09
-8.479304154335256434e-09
-8.479304154368864783e-09
-8.479304154407820026e-09
-8.479304154440073453e-09
-8.479304154474192999e-09
-8.479304154510226641e-09
-8.479304154545168404e-09
-8.479304154580108513e-09
-8.479304154613566315e-09
-8.479304154649728997e-09
-8.479304154683777405e-09
-8.479304154718429655e-09
-8.479304154754352455e-09
-8.479304154789639980e-09
-8.479304154824369985e-09
-8.479304154856768995e-09
-8.479304154894456998e-09
-8.479304154928017370e-09
-8.479304154964947676e-09
-8.479304154996709757e-09
-8.479304155031808685e-09
-8.479304155066422885e-09
-8.479304155102436674e-09
-8.479304155137019441e-09
-8.479304155169927995e-09
-8.479304155206952599e-09
-8.479304155241070490e-09
-8.479304155275214852e-09
-8.479304155311296470e-09
-8.479304155345232382e-09
-8.479304155382434003e-09
-8.479304155416489028e-09
-8.479304155450423286e-09
-8.479304155485575153e-09
-8.479304155522586523e-09
-8.479304155553925087e-09
-8.479304155589751934e-09
-8.479304155627355565e-09
-8.479304155660009346e-09
-8.479304155696701424e-09
-8.479304155728809267e-09
-8.479304155765926515e-09
-8.479304155799943491e-09
-8.479304155835942391e-09
-8.479304155868702052e-09
-8.479304155904550405e-09
-8.479304155939650987e-09
-8.479304155973330473e-09
-8.479304156008856226e-09
-8.479304156043005551e-09
-8.479304156077055613e-09
-8.479304156113013155e-09
-8.479304156147397398e-09
-8.479304156184044808e-09
-8.479304156219284357e-09
-8.479304156254037523e-09
-8.479304156287478781e-09
-8.479304156321500719e-09
-8.479304156355444903e-09
-8.479304156391248588e-09
-8.479304156427773576e-09
-8.479304156463061101e-09
-8.479304156498188152e-09
-8.479304156532984332e-09
-8.479304156567964146e-09
-8.479304156601812377e-09
-8.479304156635905453e-09
-8.479304156669795042e-09
-8.479304156705082567e-09
-8.479304156742057541e-09
-8.479304156775902463e-09
-8.479304156811332263e-09
-8.479304156845544453e-09
-8.479304156879634220e-09
-8.479304156913947326e-09
-8.479304156948837805e-09
-8.479304156984922732e-09
-8.479304157020167243e-09
-8.479304157053097303e-09
-8.479304157088384828e-09
-8.479304157121334741e-09
-8.479304157157881235e-09
-8.479304157193135672e-09
-8.479304157227503372e-09
-8.479304157262918283e-09
-8.479304157295350381e-09
-8.479304157331159029e-09
-8.479304157365698783e-09
-8.479304157401873045e-09
-8.479304157438166422e-09
-8.479304157472099025e-09
-8.479304157506451836e-09
-8.479304157540511825e-09
-8.479304157577084788e-09
-8.479304157612858696e-09
-8.479304157645117085e-09
-8.479304157679893412e-09
-8.479304157715066786e-09
-8.479304157750509821e-09
-8.479304157786670849e-09
-8.479304157820667972e-09
-8.479304157856941496e-09
-8.479304157891580512e-09
-8.479304157924834827e-09
-8.479304157961157982e-09
-8.479304157995438001e-09
-8.479304158030378110e-09
-8.479304158064148585e-09
-8.479304158100155758e-09
-8.479304158133598670e-09
-8.479304158168982148e-09
-8.479304158204210116e-09
-8.479304158240705324e-09
-8.479304158273964602e-09
-8.479304158308322376e-09
-8.479304158343752176e-09
-8.479304158378133111e-09
-8.479304158413461995e-09
-8.479304158449156493e-09
-8.479304158482610986e-09
-8.479304158517833990e-09
-8.479304158552127244e-09
-8.479304158588389188e-09
-8.479304158621395349e-09
-8.479304158658079155e-09
-8.479304158691477399e-09
-8.479304158725990683e-09
-8.479304158763738243e-09
-8.479304158796762602e-09
-8.479304158833037780e-09
-8.479304158867929913e-09
-8.479304158900486087e-09
-8.479304158936868799e-09
-8.479304158969115608e-09
-8.479304159004199647e-09
-8.479304159038904837e-09
