1.716055501017844722e-07
1.716055501017721372e-07
1.716055501017580288e-07
1.716055501017451381e-07
1.716055501017316120e-07
1.716055501017170801e-07
1.716055501017054069e-07
1.716055501016906368e-07
1.716055501016776666e-07
1.716055501016641141e-07
1.716055501016508527e-07
1.716055501016373796e-07
1.716055501016240388e-07
1.716055501016102481e-07
1.716055501015974102e-07
1.716055501015830901e-07
1.716055501015703052e-07
1.716055501015569115e-07
1.716055501015432266e-07
1.716055501015295417e-07
1.716055501015166509e-07
1.716055501015033631e-07
1.716055501014895194e-07
1.716055501014762845e-07
1.716055501014619644e-07
1.716055501014490736e-07
1.716055501014365004e-07
1.716055501014221538e-07
1.716055501014097924e-07
1.716055501013967164e-07
1.716055501013825550e-07
1.716055501013683408e-07
1.716055501013562441e-07
1.716055501013428768e-07
1.716055501013290331e-07
1.716055501013156130e-07
1.716055501013024839e-07
1.716055501012884020e-07
1.716055501012756436e-07
1.716055501012611911e-07
1.716055501012471886e-07
1.716055501012350389e-07
1.716055501012217246e-07
1.716055501012073516e-07
1.716055501011949902e-07
1.716055501011817553e-07
1.716055501011670116e-07
1.716055501011552326e-07
1.716055501011408065e-07
1.716055501011277569e-07
1.716055501011139397e-07
1.716055501011007048e-07
1.716055501010870199e-07
1.716055501010739703e-07
1.716055501010594120e-07
1.716055501010464947e-07
1.716055501010340539e-07
1.716055501010200249e-07
1.716055501010060489e-07
1.716055501009933699e-07
1.716055501009797909e-07
1.716055501009667413e-07
1.716055501009529505e-07
1.716055501009387362e-07
1.716055501009262425e-07
1.716055501009134047e-07
1.716055501008991374e-07
1.716055501008867496e-07
1.716055501008727735e-07
1.716055501008597239e-07
1.716055501008459332e-07
1.716055501008322483e-07
1.716055501008191987e-07
1.716055501008055932e-07
1.716055501007921731e-07
1.716055501007787264e-07
1.716055501007660209e-07
1.716055501007518331e-07
1.716055501007384659e-07
1.716055501007248339e-07
1.716055501007114667e-07
1.716055501006978877e-07
1.716055501006854204e-07
1.716055501006712856e-07
1.716055501006570184e-07
1.716055501006447099e-07
1.716055501006302309e-07
1.716055501006181872e-07
1.716055501006042641e-07
1.716055501005903939e-07
1.716055501005776620e-07
1.716055501005641624e-07
1.716055501005509275e-07
1.716055501005367132e-07
1.716055501005233724e-07
1.716055501005105081e-07
1.716055501004973262e-07
1.716055501004831119e-07
1.716055501004701153e-07
1.716055501004562716e-07
1.716055501004434337e-07
1.716055501004297488e-07
1.716055501004165934e-07
1.716055501004038349e-07
1.716055501003891177e-07
1.716055501003755123e-07
1.716055501003621980e-07
1.716055501003482219e-07
1.716055501003352782e-07
1.716055501003229168e-07
1.716055501003092319e-07
1.716055501002954412e-07
1.716055501002828416e-07
1.716055501002684685e-07
1.716055501002561865e-07
1.716055501002420781e-07
1.716055501002288167e-07
1.716055501002152113e-07
1.716055501002021352e-07
1.716055501001882121e-07
1.716055501001751625e-07
1.716055501001623511e-07
1.716055501001479251e-07
1.716055501001347431e-07
1.716055501001206612e-07
1.716055501001083263e-07
1.716055501000942179e-07
1.716055501000820153e-07
1.716055501000678011e-07
1.716055501000545662e-07
1.716055501000404843e-07
1.716055501000273023e-07
1.716055501000133263e-07
1.716055501000013355e-07
1.716055500999877829e-07
1.716055500999738598e-07
1.716055500999599367e-07
1.716055500999463313e-07
1.716055500999329111e-07
1.716055500999200732e-07
1.716055500999068383e-07
1.716055500998933917e-07
1.716055500998797068e-07
1.716055500998663925e-07
1.716055500998526547e-07
1.716055500998385993e-07
1.716055500998266349e-07
1.716055500998126059e-07
1.716055500997992122e-07
1.716055500997857126e-07
1.716055500997718425e-07
1.716055500997587664e-07
1.716055500997455050e-07
1.716055500997317143e-07
1.716055500997182676e-07
1.716055500997055357e-07
1.716055500996918773e-07
1.716055500996793306e-07
1.716055500996648516e-07
1.716055500996524108e-07
1.716055500996381701e-07
1.716055500996243264e-07
1.716055500996109062e-07
1.716055500995978037e-07
1.716055500995841717e-07
1.716055500995713074e-07
1.716055500995578608e-07
1.716055500995442288e-07
1.716055500995308351e-07
1.716055500995170444e-07
1.716055500995037301e-07
1.716055500994916598e-07
1.716055500994769956e-07
1.716055500994641842e-07
1.716055500994506582e-07
1.716055500994371586e-07
1.716055500994236325e-07
1.716055500994103976e-07
1.716055500993968980e-07
1.716055500993836631e-07
1.716055500993696342e-07
1.716055500993567434e-07
1.716055500993435879e-07
