6.984231218780578273e-07
6.984231218778490337e-07
6.984231218776724273e-07
6.984231218774601397e-07
6.984231218772661691e-07
6.984231218770550462e-07
6.984231218768557817e-07
6.984231218766588465e-07
6.984231218764609584e-07
6.984231218762649762e-07
6.984231218760601001e-07
6.984231218758512006e-07
6.984231218756629475e-07
6.984231218754599773e-07
6.984231218752572187e-07
6.984231218750582719e-07
6.984231218748574192e-07
6.984231218746608017e-07
6.984231218744558197e-07
6.984231218742595198e-07
6.984231218740499850e-07
6.984231218738370621e-07
6.984231218736566441e-07
6.984231218734571679e-07
6.984231218732437155e-07
6.984231218730534508e-07
6.984231218728520687e-07
6.984231218726406281e-07
6.984231218724552338e-07
6.984231218722569222e-07
6.984231218720466462e-07
6.984231218718571226e-07
6.984231218716590228e-07
6.984231218714487469e-07
6.984231218712310594e-07
6.984231218710455592e-07
6.984231218708568826e-07
6.984231218706480890e-07
6.984231218704409894e-07
6.984231218702407720e-07
6.984231218700496602e-07
6.984231218698404430e-07
6.984231218696429785e-07
6.984231218694438199e-07
6.984231218692408496e-07
6.984231218690258091e-07
6.984231218688405207e-07
6.984231218686470795e-07
6.984231218684499326e-07
6.984231218682271629e-07
6.984231218680380628e-07
6.984231218678453628e-07
6.984231218676232284e-07
6.984231218674430222e-07
6.984231218672444988e-07
6.984231218670319994e-07
6.984231218668353819e-07
6.984231218666295529e-07
6.984231218664382293e-07
6.984231218662270005e-07
6.984231218660388533e-07
6.984231218658386359e-07
6.984231218656238072e-07
6.984231218654364011e-07
6.984231218652281369e-07
6.984231218650335311e-07
6.984231218648309843e-07
6.984231218646247318e-07
6.984231218644300201e-07
6.984231218642355202e-07
6.984231218640438790e-07
6.984231218638316972e-07
6.984231218636342326e-07
6.984231218634205686e-07
6.984231218632246922e-07
6.984231218630277571e-07
6.984231218628108107e-07
6.984231218626286987e-07
6.984231218624400221e-07
6.984231218622294285e-07
6.984231218620251877e-07
6.984231218618191469e-07
6.984231218616257058e-07
6.984231218614199826e-07
6.984231218612145771e-07
6.984231218610165832e-07
6.984231218608200716e-07
6.984231218606149837e-07
6.984231218604166721e-07
6.984231218602218545e-07
6.984231218600150726e-07
6.984231218598258666e-07
6.984231218596221552e-07
6.984231218594226789e-07
6.984231218592154735e-07
6.984231218590269028e-07
6.984231218588275324e-07
6.984231218586118567e-07
6.984231218584192625e-07
6.984231218582237038e-07
6.984231218580207335e-07
6.984231218578085518e-07
6.984231218576141577e-07
6.984231218574133050e-07
6.984231218572091701e-07
6.984231218569957178e-07
6.984231218568059824e-07
6.984231218566059768e-07
6.984231218564068181e-07
6.984231218562106241e-07
6.984231218560006658e-07
6.984231218558084952e-07
6.984231218556210892e-07
6.984231218554035076e-07
6.984231218552073136e-07
6.984231218550014846e-07
6.984231218548168314e-07
6.984231218546140729e-07
6.984231218544045381e-07
6.984231218542122617e-07
6.984231218540106678e-07
6.984231218537954156e-07
6.984231218535965746e-07
6.984231218534033452e-07
6.984231218532017513e-07
6.984231218530054515e-07
6.984231218528007871e-07
6.984231218525958052e-07
6.984231218523990818e-07
6.984231218522030995e-07
6.984231218520161170e-07
6.984231218517850887e-07
6.984231218515941887e-07
6.984231218514020181e-07
6.984231218511961891e-07
6.984231218509901483e-07
6.984231218508026364e-07
6.984231218505970192e-07
6.984231218503986017e-07
6.984231218501825024e-07
6.984231218499838732e-07
6.984231218497921261e-07
6.984231218496064141e-07
6.984231218494050320e-07
6.984231218491904151e-07
6.984231218489991974e-07
6.984231218487927331e-07
6.984231218485971744e-07
6.984231218483915571e-07
6.984231218481825517e-07
6.984231218479960986e-07
6.984231218477928107e-07
6.984231218475883581e-07
6.984231218473832703e-07
6.984231218471946996e-07
6.984231218470066583e-07
6.984231218467801828e-07
6.984231218465963767e-07
6.984231218463772069e-07
6.984231218461874715e-07
6.984231218459850306e-07
6.984231218457847073e-07
6.984231218455791960e-07
6.984231218453810961e-07
6.984231218451879726e-07
6.984231218449837318e-07
6.984231218447753617e-07
6.984231218445817088e-07
6.984231218443763033e-07
6.984231218441816975e-07
6.984231218439857152e-07
6.984231218437787216e-07
6.984231218435765983e-07
6.984231218433729928e-07
6.984231218431799752e-07
6.984231218429775343e-07
6.984231218427723405e-07
6.984231218425742407e-07
6.984231218423925521e-07
6.984231218421808998e-07
6.984231218419752825e-07
6.984231218417696653e-07
6.984231218415795064e-07
