-2.168816734469875195e-07
-2.168816734471685992e-07
-2.168816734473316795e-07
-2.168816734475031772e-07
-2.168816734476736161e-07
-2.168816734478425198e-07
-2.168816734480204761e-07
-2.168816734481859652e-07
-2.168816734483521954e-07
-2.168816734485362398e-07
-2.168816734487032641e-07
-2.168816734488801616e-07
-2.168816734490445919e-07
-2.168816734492182072e-07
-2.168816734493916901e-07
-2.168816734495588468e-07
-2.168816734497365384e-07
-2.168816734499048333e-07
-2.168816734500779456e-07
-2.168816734502575696e-07
-2.168816734504280614e-07
-2.168816734506010679e-07
-2.168816734507766684e-07
-2.168816734509464985e-07
-2.168816734511154022e-07
-2.168816734512859999e-07
-2.168816734514630033e-07
-2.168816734516355069e-07
-2.168816734518035370e-07
-2.168816734519738436e-07
-2.168816734521411591e-07
-2.168816734523163625e-07
-2.168816734524856897e-07
-2.168816734526556522e-07
-2.168816734528360173e-07
-2.168816734529934330e-07
-2.168816734531865301e-07
-2.168816734533587160e-07
-2.168816734535171906e-07
-2.168816734536893765e-07
-2.168816734538645535e-07
-2.168816734540401540e-07
-2.168816734542164692e-07
-2.168816734543924932e-07
-2.168816734545583264e-07
-2.168816734547256154e-07
-2.168816734549023277e-07
-2.168816734550646404e-07
-2.168816734552487641e-07
-2.168816734554119768e-07
-2.168816734555865185e-07
-2.168816734557549457e-07
-2.168816734559316845e-07
-2.168816734561065703e-07
-2.168816734562717417e-07
-2.168816734564421806e-07
-2.168816734566240545e-07
-2.168816734567987021e-07
-2.168816734569504533e-07
-2.168816734571344183e-07
-2.168816734573045396e-07
-2.168816734574828929e-07
-2.168816734576548406e-07
-2.168816734578201973e-07
-2.168816734579957714e-07
-2.168816734581506990e-07
-2.168816734583342140e-07
-2.168816734585166437e-07
-2.168816734586865797e-07
-2.168816734588610685e-07
-2.168816734590247841e-07
-2.168816734591965994e-07
-2.168816734593686000e-07
-2.168816734595418183e-07
-2.168816734597098484e-07
-2.168816734598870636e-07
-2.168816734600604142e-07
-2.168816734602294237e-07
-2.168816734604041243e-07
-2.168816734605771572e-07
-2.168816734607552459e-07
-2.168816734609213703e-07
-2.168816734610929738e-07
-2.168816734612663509e-07
-2.168816734614327135e-07
-2.168816734616094257e-07
-2.168816734617710237e-07
-2.168816734619535328e-07
-2.168816734621179631e-07
-2.168816734622945165e-07
-2.168816734624603232e-07
-2.168816734626441029e-07
-2.168816734628165800e-07
-2.168816734629801632e-07
-2.168816734631495698e-07
-2.168816734633292732e-07
-2.168816734634956357e-07
-2.168816734636736979e-07
-2.168816734638440839e-07
-2.168816734640198697e-07
-2.168816734641790325e-07
-2.168816734643605093e-07
-2.168816734645340452e-07
-2.168816734646886816e-07
-2.168816734648682791e-07
-2.168816734650438796e-07
-2.168816734652217830e-07
-2.168816734653871927e-07
-2.168816734655694900e-07
-2.168816734657377849e-07
-2.168816734659120619e-07
-2.168816734660803832e-07
-2.168816734662460311e-07
-2.168816734664212611e-07
-2.168816734665951410e-07
-2.168816734667648388e-07
-2.168816734669453627e-07
-2.168816734671016932e-07
-2.168816734672918521e-07
-2.168816734674486856e-07
-2.168816734676253184e-07
-2.168816734678055511e-07
-2.168816734679669903e-07
-2.168816734681617814e-07
-2.168816734683123415e-07
-2.168816734684823305e-07
-2.168816734686613985e-07
-2.168816734688389049e-07
-2.168816734690081262e-07
-2.168816734691696712e-07
-2.168816734693538744e-07
-2.168816734695318837e-07
-2.168816734696896436e-07
-2.168816734698622265e-07
-2.168816734700439680e-07
-2.168816734702109659e-07
-2.168816734703878369e-07
-2.168816734705531937e-07
-2.168816734707313882e-07
-2.168816734708957126e-07
-2.168816734710698308e-07
-2.168816734712478401e-07
-2.168816734714158702e-07
-2.168816734715856739e-07
-2.168816734717574892e-07
-2.168816734719225018e-07
-2.168816734721032904e-07
-2.168816734722698383e-07
-2.168816734724504681e-07
-2.168816734726232628e-07
-2.168816734727994986e-07
-2.168816734729623936e-07
-2.168816734731329648e-07
-2.168816734733012597e-07
-2.168816734734746368e-07
-2.168816734736388023e-07
-2.168816734738307082e-07
-2.168816734739886799e-07
-2.168816734741576894e-07
-2.168816734743397221e-07
-2.168816734745170432e-07
-2.168816734746822940e-07
-2.168816734748514888e-07
-2.168816734750231718e-07
-2.168816734752005987e-07
-2.168816734753777080e-07
-2.168816734755347268e-07
-2.168816734757109890e-07
-2.168816734758934188e-07
-2.168816734760605225e-07
-2.168816734762356465e-07
-2.168816734764048414e-07
-2.168816734765761273e-07
-2.168816734767518602e-07
-2.168816734769164493e-07
-2.168816734771034847e-07
-2.168816734772680738e-07
-2.168816734774316306e-07
-2.168816734775975961e-07
-2.168816734777723761e-07
-2.168816734779509941e-07
-2.168816734781245829e-07
-2.168816734782896220e-07
