9.246285445803409719e-08
9.246285445803276046e-08
9.246285445803137080e-08
9.246285445802994143e-08
9.246285445802861794e-08
9.246285445802741357e-08
9.246285445802605038e-08
9.246285445802480630e-08
9.246285445802339016e-08
9.246285445802202697e-08
9.246285445802075642e-08
9.246285445801939323e-08
9.246285445801799033e-08
9.246285445801664037e-08
9.246285445801526394e-08
9.246285445801403310e-08
9.246285445801281549e-08
9.246285445801137288e-08
9.246285445800999645e-08
9.246285445800869943e-08
9.246285445800738918e-08
9.246285445800605246e-08
9.246285445800462309e-08
9.246285445800337901e-08
9.246285445800201582e-08
9.246285445800073203e-08
9.246285445799922325e-08
9.246285445799800564e-08
9.246285445799668215e-08
9.246285445799523955e-08
9.246285445799402194e-08
9.246285445799271169e-08
9.246285445799120291e-08
9.246285445798997207e-08
9.246285445798858240e-08
9.246285445798721921e-08
9.246285445798586925e-08
9.246285445798473105e-08
9.246285445798334139e-08
9.246285445798193849e-08
9.246285445798069441e-08
9.246285445797921210e-08
9.246285445797792832e-08
9.246285445797659159e-08
9.246285445797522840e-08
9.246285445797387844e-08
9.246285445797250201e-08
9.246285445797119176e-08
9.246285445796992121e-08
9.246285445796854478e-08
9.246285445796723453e-08
9.246285445796589780e-08
9.246285445796464049e-08
9.246285445796322435e-08
9.246285445796195380e-08
9.246285445796059061e-08
9.246285445795921418e-08
9.246285445795790393e-08
9.246285445795655397e-08
9.246285445795524372e-08
9.246285445795388052e-08
9.246285445795251733e-08
9.246285445795124678e-08
9.246285445794981741e-08
9.246285445794846745e-08
9.246285445794730278e-08
9.246285445794583371e-08
9.246285445794456316e-08
9.246285445794322644e-08
9.246285445794186324e-08
9.246285445794056622e-08
9.246285445793913685e-08
9.246285445793781337e-08
9.246285445793647664e-08
9.246285445793521933e-08
9.246285445793377672e-08
9.246285445793247970e-08
9.246285445793123562e-08
9.246285445792985920e-08
9.246285445792845630e-08
9.246285445792710634e-08
9.246285445792578285e-08
9.246285445792441966e-08
9.246285445792318881e-08
9.246285445792186532e-08
9.246285445792047566e-08
9.246285445791913894e-08
9.246285445791782868e-08
9.246285445791655813e-08
9.246285445791510229e-08
9.246285445791377881e-08
9.246285445791233620e-08
9.246285445791107889e-08
9.246285445790974216e-08
9.246285445790843191e-08
9.246285445790712166e-08
9.246285445790581140e-08
9.246285445790442174e-08
9.246285445790304531e-08
9.246285445790178800e-08
9.246285445790033216e-08
9.246285445789920719e-08
9.246285445789776459e-08
9.246285445789652051e-08
9.246285445789502497e-08
9.246285445789368824e-08
9.246285445789241769e-08
9.246285445789113391e-08
9.246285445788977072e-08
9.246285445788842076e-08
9.246285445788716344e-08
9.246285445788577378e-08
9.246285445788441058e-08
9.246285445788308710e-08
9.246285445788173714e-08
9.246285445788041365e-08
9.246285445787909016e-08
9.246285445787775344e-08
9.246285445787637701e-08
9.246285445787502705e-08
9.246285445787365062e-08
9.246285445787232713e-08
9.246285445787101688e-08
9.246285445786977280e-08
9.246285445786830372e-08
9.246285445786704641e-08
9.246285445786568322e-08
9.246285445786438620e-08
9.246285445786302300e-08
9.246285445786173922e-08
9.246285445786042896e-08
9.246285445785899960e-08
9.246285445785766287e-08
9.246285445785635262e-08
9.246285445785505560e-08
9.246285445785361300e-08
9.246285445785232921e-08
9.246285445785100572e-08
9.246285445784962929e-08
9.246285445784833228e-08
9.246285445784710143e-08
9.246285445784559265e-08
9.246285445784429563e-08
9.246285445784294568e-08
9.246285445784162219e-08
9.246285445784024576e-08
9.246285445783902815e-08
9.246285445783758554e-08
9.246285445783627529e-08
9.246285445783499151e-08
9.246285445783364155e-08
9.246285445783231806e-08
9.246285445783096810e-08
9.246285445782960491e-08
9.246285445782830789e-08
9.246285445782695793e-08
9.246285445782559473e-08
9.246285445782415213e-08
9.246285445782290805e-08
9.246285445782159780e-08
9.246285445782022137e-08
9.246285445781900376e-08
9.246285445781758763e-08
9.246285445781621120e-08
9.246285445781491418e-08
9.246285445781357745e-08
9.246285445781220103e-08
9.246285445781089077e-08
9.246285445780954081e-08
9.246285445780820409e-08
9.246285445780694677e-08
9.246285445780568946e-08
9.246285445780424686e-08
9.246285445780287043e-08
9.246285445780150724e-08
9.246285445780019698e-08
9.246285445779889996e-08
9.246285445779749706e-08
9.246285445779623975e-08
9.246285445779490303e-08
9.246285445779351336e-08
9.246285445779221634e-08
9.246285445779090609e-08
