4.078222921565617428e-08
4.078222921561733650e-08
4.078222921557866415e-08
4.078222921553713968e-08
4.078222921549836807e-08
4.078222921545856414e-08
4.078222921541850875e-08
4.078222921537746735e-08
4.078222921534070083e-08
4.078222921530140644e-08
4.078222921526196647e-08
4.078222921522410807e-08
4.078222921518439016e-08
4.078222921514389140e-08
4.078222921510709841e-08
4.078222921506722830e-08
4.078222921502547222e-08
4.078222921498826895e-08
4.078222921494675110e-08
4.078222921490874711e-08
4.078222921486822850e-08
4.078222921482747827e-08
4.078222921478921621e-08
4.078222921475057695e-08
4.078222921471158696e-08
4.078222921467206758e-08
4.078222921463215115e-08
4.078222921459351851e-08
4.078222921455341018e-08
4.078222921451334816e-08
4.078222921447545667e-08
4.078222921443539466e-08
4.078222921439652379e-08
4.078222921435595224e-08
4.078222921431780928e-08
4.078222921427733037e-08
4.078222921423776467e-08
4.078222921419914526e-08
4.078222921415889135e-08
4.078222921411928594e-08
4.078222921408157974e-08
4.078222921403930088e-08
4.078222921400051604e-08
4.078222921396353775e-08
4.078222921392127213e-08
4.078222921388410195e-08
4.078222921384685897e-08
4.078222921380566537e-08
4.078222921376531219e-08
4.078222921372591854e-08
4.078222921368483744e-08
4.078222921364797166e-08
4.078222921360994782e-08
4.078222921356828439e-08
4.078222921353059804e-08
4.078222921348894122e-08
4.078222921345004388e-08
4.078222921341346926e-08
4.078222921337175951e-08
4.078222921333210116e-08
4.078222921329472583e-08
4.078222921325326092e-08
4.078222921321611059e-08
4.078222921317641915e-08
4.078222921313462999e-08
4.078222921309495841e-08
4.078222921305825144e-08
4.078222921301812987e-08
4.078222921297723406e-08
4.078222921294040798e-08
4.078222921290037906e-08
4.078222921286123025e-08
4.078222921281829627e-08
4.078222921278016655e-08
4.078222921274232138e-08
4.078222921270166380e-08
4.078222921266362011e-08
4.078222921262476909e-08
4.078222921258387328e-08
4.078222921254475757e-08
4.078222921250790502e-08
4.078222921246797535e-08
4.078222921242743027e-08
4.078222921238914835e-08
4.078222921235000616e-08
4.078222921231199556e-08
4.078222921227113284e-08
4.078222921223085907e-08
4.078222921219202128e-08
4.078222921215358055e-08
4.078222921211284356e-08
4.078222921207298669e-08
4.078222921203410920e-08
4.078222921199458982e-08
4.078222921195554689e-08
4.078222921191417463e-08
4.078222921187613755e-08
4.078222921183604245e-08
4.078222921179911711e-08
4.078222921175775146e-08
4.078222921171905926e-08
4.078222921167775317e-08
4.078222921163927273e-08
4.078222921159920410e-08
4.078222921156173613e-08
4.078222921152187926e-08
4.078222921147905777e-08
4.078222921144350224e-08
4.078222921140561737e-08
4.078222921136536345e-08
4.078222921132414339e-08
4.078222921128619234e-08
4.078222921124485316e-08
4.078222921120619405e-08
4.078222921116720406e-08
4.078222921112843907e-08
4.078222921108870793e-08
4.078222921105019440e-08
4.078222921100957653e-08
4.078222921097304161e-08
4.078222921093045174e-08
4.078222921089115073e-08
4.078222921085197546e-08
4.078222921081184065e-08
4.078222921077462414e-08
4.078222921073264969e-08
4.078222921069636624e-08
4.078222921065465649e-08
4.078222921061504446e-08
4.078222921057846322e-08
4.078222921053895046e-08
4.078222921049741276e-08
4.078222921045913084e-08
4.078222921041912177e-08
4.078222921037856345e-08
4.078222921034004992e-08
4.078222921030190035e-08
4.078222921026087881e-08
4.078222921022340422e-08
4.078222921018517524e-08
4.078222921014372356e-08
4.078222921010612324e-08
4.078222921006353998e-08
4.078222921002569482e-08
4.078222920998602985e-08
4.078222920994817807e-08
4.078222920990691168e-08
4.078222920986959591e-08
4.078222920982892509e-08
4.078222920978703005e-08
4.078222920974625335e-08
4.078222920971094929e-08
4.078222920967131741e-08
4.078222920963372370e-08
4.078222920959242423e-08
4.078222920955258721e-08
4.078222920951149288e-08
4.078222920947687041e-08
4.078222920943529962e-08
4.078222920939614420e-08
4.078222920935705495e-08
4.078222920931507388e-08
4.078222920927832059e-08
4.078222920924083276e-08
4.078222920919902375e-08
4.078222920915973598e-08
4.078222920911860856e-08
4.078222920908092221e-08
4.078222920904145577e-08
4.078222920900359075e-08
4.078222920896476620e-08
4.078222920892461816e-08
4.078222920888373559e-08
4.078222920884556616e-08
4.078222920880545121e-08
4.078222920876652740e-08
4.078222920872743154e-08
4.078222920868966578e-08
4.078222920864857806e-08
4.078222920860663670e-08
4.078222920856944666e-08
4.078222920852958317e-08
4.078222920849069245e-08
