2.574490681669756295e-09
2.574490681668747135e-09
2.574490681667719777e-09
2.574490681666771001e-09
2.574490681665718413e-09
2.574490681664736136e-09
2.574490681663664524e-09
2.574490681662724433e-09
2.574490681661711137e-09
2.574490681660651932e-09
2.574490681659687853e-09
2.574490681658616241e-09
2.574490681657661674e-09
2.574490681656660372e-09
2.574490681655666515e-09
2.574490681654543617e-09
2.574490681653668873e-09
2.574490681652576168e-09
2.574490681651561631e-09
2.574490681650567360e-09
2.574490681649612380e-09
2.574490681648507266e-09
2.574490681647509686e-09
2.574490681646570423e-09
2.574490681645496742e-09
2.574490681644499576e-09
2.574490681643539220e-09
2.574490681642475465e-09
2.574490681641473750e-09
2.574490681640440187e-09
2.574490681639473627e-09
2.574490681638457022e-09
2.574490681637422219e-09
2.574490681636434565e-09
2.574490681635452288e-09
2.574490681634361651e-09
2.574490681633386818e-09
2.574490681632366077e-09
2.574490681631365602e-09
2.574490681630313015e-09
2.574490681629265391e-09
2.574490681628334813e-09
2.574490681627353777e-09
2.574490681626356197e-09
2.574490681625328011e-09
2.574490681624238614e-09
2.574490681623297283e-09
2.574490681622288950e-09
2.574490681621248770e-09
2.574490681620236301e-09
2.574490681619211838e-09
2.574490681618248172e-09
2.574490681617241494e-09
2.574490681616213722e-09
2.574490681615136319e-09
2.574490681614154455e-09
2.574490681613170111e-09
2.574490681612179148e-09
2.574490681611187772e-09
2.574490681610179025e-09
2.574490681609113203e-09
2.574490681608186347e-09
2.574490681607072549e-09
2.574490681606094408e-09
2.574490681605115853e-09
2.574490681604070297e-09
2.574490681603064859e-09
2.574490681602098712e-09
2.574490681601058118e-09
2.574490681600015457e-09
2.574490681599042279e-09
2.574490681598001686e-09
2.574490681596952407e-09
2.574490681596055744e-09
2.574490681594987853e-09
2.574490681593999786e-09
2.574490681592974496e-09
2.574490681591975675e-09
2.574490681590932187e-09
2.574490681589920131e-09
2.574490681588858445e-09
2.574490681587843081e-09
2.574490681586887687e-09
2.574490681585828483e-09
2.574490681584838761e-09
2.574490681583870546e-09
2.574490681582832848e-09
2.574490681581849744e-09
2.574490681580814941e-09
2.574490681579797922e-09
2.574490681578835498e-09
2.574490681577806071e-09
2.574490681576822967e-09
2.574490681575798090e-09
2.574490681574764115e-09
2.574490681573776461e-09
2.574490681572840506e-09
2.574490681571788332e-09
2.574490681570707621e-09
2.574490681569716659e-09
2.574490681568769950e-09
2.574490681567750450e-09
2.574490681566721438e-09
2.574490681565646103e-09
2.574490681564669203e-09
2.574490681563692302e-09
2.574490681562655845e-09
2.574490681561609048e-09
2.574490681560644969e-09
2.574490681559607271e-09
2.574490681558636574e-09
2.574490681557581505e-09
2.574490681556520646e-09
2.574490681555544987e-09
2.574490681554558160e-09
2.574490681553499369e-09
2.574490681552604773e-09
2.574490681551533574e-09
2.574490681550558742e-09
2.574490681549543791e-09
2.574490681548432061e-09
2.574490681547474599e-09
2.574490681546515897e-09
2.574490681545432704e-09
2.574490681544457044e-09
2.574490681543471459e-09
2.574490681542421766e-09
2.574490681541459342e-09
2.574490681540436119e-09
2.574490681539381464e-09
2.574490681538391742e-09
2.574490681537391267e-09
2.574490681536354810e-09
2.574490681535382459e-09
2.574490681534359650e-09
2.574490681533341391e-09
2.574490681532326027e-09
2.574490681531284607e-09
2.574490681530353615e-09
2.574490681529352313e-09
2.574490681528310479e-09
2.574490681527261614e-09
2.574490681526318214e-09
2.574490681525225922e-09
2.574490681524234960e-09
2.574490681523300246e-09
2.574490681522262961e-09
2.574490681521250492e-09
2.574490681520089131e-09
2.574490681519175510e-09
2.574490681518250308e-09
2.574490681517203925e-09
2.574490681516207586e-09
2.574490681515149208e-09
2.574490681514180579e-09
2.574490681513105658e-09
2.574490681512201550e-09
2.574490681511119598e-09
2.574490681510083554e-09
2.574490681509109549e-09
2.574490681508100388e-09
2.574490681507130106e-09
2.574490681506066351e-09
2.574490681505070012e-09
2.574490681504078223e-09
2.574490681503040525e-09
2.574490681502054112e-09
2.574490681501014346e-09
2.574490681499992778e-09
2.574490681498983204e-09
2.574490681497976111e-09
2.574490681496985562e-09
2.574490681495904024e-09
2.574490681494985440e-09
2.574490681493903074e-09
2.574490681492866617e-09
2.574490681491915359e-09
2.574490681490943422e-09
2.574490681489851957e-09
2.574490681488899872e-09
2.574490681487820815e-09
2.574490681486864594e-09
2.574490681485850884e-09
