-1.270345217990051553e-07
-1.270345217991382453e-07
-1.270345217992705677e-07
-1.270345217994073636e-07
-1.270345217995388125e-07
-1.270345217996739672e-07
-1.270345217998149188e-07
-1.270345217999412855e-07
-1.270345218000805695e-07
-1.270345218002185035e-07
-1.270345218003484436e-07
-1.270345218004925716e-07
-1.270345218006223794e-07
-1.270345218007548871e-07
-1.270345218009007091e-07
-1.270345218010344874e-07
-1.270345218011674980e-07
-1.270345218012913501e-07
-1.270345218014419896e-07
-1.270345218015640947e-07
-1.270345218017054963e-07
-1.270345218018326306e-07
-1.270345218019754616e-07
-1.270345218021152220e-07
-1.270345218022437593e-07
-1.270345218023817198e-07
-1.270345218025156039e-07
-1.270345218026521615e-07
-1.270345218027826575e-07
-1.270345218029158534e-07
-1.270345218030486523e-07
-1.270345218031868775e-07
-1.270345218033193058e-07
-1.270345218034546193e-07
-1.270345218035857241e-07
-1.270345218037237641e-07
-1.270345218038635245e-07
-1.270345218039920353e-07
-1.270345218041351574e-07
-1.270345218042687239e-07
-1.270345218043981346e-07
-1.270345218045401185e-07
-1.270345218046746644e-07
-1.270345218048024605e-07
-1.270345218049436503e-07
-1.270345218050795197e-07
-1.270345218052067335e-07
-1.270345218053459116e-07
-1.270345218054732841e-07
-1.270345218056184444e-07
-1.270345218057547373e-07
-1.270345218058891244e-07
-1.270345218060253643e-07
-1.270345218061530016e-07
-1.270345218062957796e-07
-1.270345218064234698e-07
-1.270345218065542570e-07
-1.270345218066945468e-07
-1.270345218068354190e-07
-1.270345218069646180e-07
-1.270345218070945317e-07
-1.270345218072298716e-07
-1.270345218073760378e-07
-1.270345218075056868e-07
-1.270345218076383798e-07
-1.270345218077786961e-07
-1.270345218079170801e-07
-1.270345218080435791e-07
-1.270345218081784691e-07
-1.270345218083115327e-07
-1.270345218084527225e-07
-1.270345218085802539e-07
-1.270345218087166262e-07
-1.270345218088565455e-07
-1.270345218089902443e-07
-1.270345218091297665e-07
-1.270345218092489335e-07
-1.270345218093897792e-07
-1.270345218095300955e-07
-1.270345218096646414e-07
-1.270345218098008019e-07
-1.270345218099364331e-07
-1.270345218100741818e-07
-1.270345218102032749e-07
-1.270345218103403090e-07
-1.270345218104708844e-07
-1.270345218106060920e-07
-1.270345218107451113e-07
-1.270345218108844218e-07
-1.270345218110083533e-07
-1.270345218111518195e-07
-1.270345218112840625e-07
-1.270345218114175761e-07
-1.270345218115589512e-07
-1.270345218116823268e-07
-1.270345218118225902e-07
-1.270345218119686504e-07
-1.270345218120970288e-07
-1.270345218122258573e-07
-1.270345218123636854e-07
-1.270345218124986813e-07
-1.270345218126352389e-07
-1.270345218127607586e-07
-1.270345218129119275e-07
-1.270345218130509468e-07
-1.270345218131769164e-07
-1.270345218133080742e-07
-1.270345218134509051e-07
-1.270345218135846305e-07
-1.270345218137101237e-07
-1.270345218138582221e-07
-1.270345218139731803e-07
-1.270345218141153760e-07
-1.270345218142600863e-07
-1.270345218143857913e-07
-1.270345218145201254e-07
-1.270345218146563389e-07
-1.270345218147981904e-07
-1.270345218149184956e-07
-1.270345218150558737e-07
-1.270345218152041575e-07
-1.270345218153319535e-07
-1.270345218154685905e-07
-1.270345218156097274e-07
-1.270345218157355383e-07
-1.270345218158669872e-07
-1.270345218160116975e-07
-1.270345218161403936e-07
-1.270345218162707307e-07
-1.270345218164074736e-07
-1.270345218165413842e-07
-1.270345218166806947e-07
-1.270345218168263050e-07
-1.270345218169489394e-07
-1.270345218170886205e-07
-1.270345218172292279e-07
-1.270345218173580828e-07
-1.270345218174976050e-07
-1.270345218176263011e-07
-1.270345218177615352e-07
-1.270345218179040220e-07
-1.270345218180392297e-07
-1.270345218181732197e-07
-1.270345218183083214e-07
-1.270345218184361705e-07
-1.270345218185784720e-07
-1.270345218187044152e-07
-1.270345218188478814e-07
-1.270345218189811303e-07
-1.270345218191116263e-07
-1.270345218192517838e-07
-1.270345218193812210e-07
-1.270345218195179110e-07
-1.270345218196529598e-07
-1.270345218197805441e-07
-1.270345218199196693e-07
-1.270345218200490536e-07
-1.270345218201938697e-07
-1.270345218203330743e-07
-1.270345218204614263e-07
-1.270345218206016102e-07
-1.270345218207294063e-07
-1.270345218208670492e-07
-1.270345218209984451e-07
-1.270345218211310852e-07
-1.270345218212666634e-07
-1.270345218214112414e-07
-1.270345218215403345e-07
-1.270345218216736628e-07
-1.270345218218083145e-07
-1.270345218219403193e-07
-1.270345218220800003e-07
-1.270345218222203960e-07
-1.270345218223368101e-07
-1.270345218224872908e-07
-1.270345218226282159e-07
-1.270345218227478064e-07
-1.270345218228921461e-07
-1.270345218230278831e-07
-1.270345218231589350e-07
-1.270345218232848253e-07
-1.270345218234332149e-07
-1.270345218235679725e-07
