7.750303938143079569e-07
7.750303938139709436e-07
7.750303938136574356e-07
7.750303938133152343e-07
7.750303938130071260e-07
7.750303938126643953e-07
7.750303938123371230e-07
7.750303938120049802e-07
7.750303938116792960e-07
7.750303938113383652e-07
7.750303938110242219e-07
7.750303938106935614e-07
7.750303938103509366e-07
7.750303938100416637e-07
7.750303938097101562e-07
7.750303938093791780e-07
7.750303938090425883e-07
7.750303938087287626e-07
7.750303938083866672e-07
7.750303938080692416e-07
7.750303938077469455e-07
7.750303938074097205e-07
7.750303938070736602e-07
7.750303938067432115e-07
7.750303938064342562e-07
7.750303938060930078e-07
7.750303938057789704e-07
7.750303938054507451e-07
7.750303938051159553e-07
7.750303938047832831e-07
7.750303938044628929e-07
7.750303938041166682e-07
7.750303938037941604e-07
7.750303938034597942e-07
7.750303938031266985e-07
7.750303938028174255e-07
7.750303938024790359e-07
7.750303938021627750e-07
7.750303938018270323e-07
7.750303938014965835e-07
7.750303938011616879e-07
7.750303938008459564e-07
7.750303938005090490e-07
7.750303938001759533e-07
7.750303937998637158e-07
7.750303937995318906e-07
7.750303937991845012e-07
7.750303937988683462e-07
7.750303937985456266e-07
7.750303937982081899e-07
7.750303937978956347e-07
7.750303937975376574e-07
7.750303937972314550e-07
7.750303937969157235e-07
7.750303937965863335e-07
7.750303937962456145e-07
7.750303937959327417e-07
7.750303937956021871e-07
7.750303937952580800e-07
7.750303937949373722e-07
7.750303937945605484e-07
7.750303937942837804e-07
7.750303937939520611e-07
7.750303937936156831e-07
7.750303937932960341e-07
7.750303937929616678e-07
7.750303937926387365e-07
7.750303937923130523e-07
7.750303937919810154e-07
7.750303937916530019e-07
7.750303937913265766e-07
7.750303937909806695e-07
7.750303937906724554e-07
7.750303937903234778e-07
7.750303937899902762e-07
7.750303937896898972e-07
7.750303937893299082e-07
7.750303937889978713e-07
7.750303937886890219e-07
7.750303937883499969e-07
7.750303937880279126e-07
7.750303937876992639e-07
7.750303937873695563e-07
7.750303937870475779e-07
7.750303937867175527e-07
7.750303937864001271e-07
7.750303937860591963e-07
7.750303937857322416e-07
7.750303937854105808e-07
7.750303937850877554e-07
7.750303937847546597e-07
7.750303937844075880e-07
7.750303937841019149e-07
7.750303937837710427e-07
7.750303937834333942e-07
7.750303937831123687e-07
7.750303937827824494e-07
7.750303937824466008e-07
7.750303937821406101e-07
7.750303937818012676e-07
7.750303937814839479e-07
7.750303937811461935e-07
7.750303937808050509e-07
7.750303937804957780e-07
7.750303937801617294e-07
7.750303937798261985e-07
7.750303937794856913e-07
7.750303937791658304e-07
7.750303937788198175e-07
7.750303937785086388e-07
7.750303937781652728e-07
7.750303937778655290e-07
7.750303937775155985e-07
7.750303937771978553e-07
7.750303937768688888e-07
7.750303937765334638e-07
7.750303937762138147e-07
7.750303937758939539e-07
7.750303937755665757e-07
7.750303937752285037e-07
7.750303937749005960e-07
7.750303937745499244e-07
7.750303937742500747e-07
7.750303937739313786e-07
7.750303937736009299e-07
7.750303937732570345e-07
7.750303937729369619e-07
7.750303937726253597e-07
7.750303937722851700e-07
7.750303937719441334e-07
7.750303937716260725e-07
7.750303937712992237e-07
7.750303937709640104e-07
7.750303937706383262e-07
7.750303937703056541e-07
7.750303937699572059e-07
7.750303937696464507e-07
7.750303937693273310e-07
7.750303937689885178e-07
7.750303937686534104e-07
7.750303937683346084e-07
7.750303937680092419e-07
7.750303937676740286e-07
7.750303937673603087e-07
7.750303937670272130e-07
7.750303937666923174e-07
7.750303937663693861e-07
7.750303937660439137e-07
7.750303937657103944e-07
7.750303937653796281e-07
7.750303937650553203e-07
7.750303937647356713e-07
7.750303937643910347e-07
7.750303937640522216e-07
7.750303937637165848e-07
7.750303937634017003e-07
7.750303937630706163e-07
7.750303937627481085e-07
7.750303937624188244e-07
7.750303937621069045e-07
7.750303937617648091e-07
7.750303937614324545e-07
7.750303937610834770e-07
7.750303937607768510e-07
7.750303937604508492e-07
7.750303937601202946e-07
7.750303937597809520e-07
7.750303937594771849e-07
7.750303937591432421e-07
7.750303937588296282e-07
7.750303937584946266e-07
7.750303937581423668e-07
7.750303937578381761e-07
7.750303937574945984e-07
7.750303937571683848e-07
7.750303937568476769e-07
7.750303937565231575e-07
7.750303937562048848e-07
7.750303937558412959e-07
7.750303937555318113e-07
7.750303937551855865e-07
7.750303937548823488e-07
7.750303937545423709e-07
