5.871532917766086563e-07
5.871532917763563464e-07
5.871532917760823312e-07
5.871532917758359505e-07
5.871532917755833229e-07
5.871532917753274131e-07
5.871532917750687504e-07
5.871532917748244873e-07
5.871532917745440135e-07
5.871532917742893742e-07
5.871532917740566519e-07
5.871532917737937540e-07
5.871532917735336091e-07
5.871532917732811932e-07
5.871532917730099309e-07
5.871532917727669384e-07
5.871532917725185459e-07
5.871532917722505659e-07
5.871532917719971972e-07
5.871532917717503929e-07
5.871532917714874951e-07
5.871532917712249149e-07
5.871532917709625464e-07
5.871532917707214597e-07
5.871532917704410918e-07
5.871532917701879348e-07
5.871532917699345661e-07
5.871532917696907265e-07
5.871532917694388400e-07
5.871532917691784833e-07
5.871532917689147384e-07
5.871532917686695224e-07
5.871532917683985777e-07
5.871532917681534675e-07
5.871532917679030634e-07
5.871532917676433419e-07
5.871532917674118902e-07
5.871532917671345928e-07
5.871532917668866239e-07
5.871532917666177968e-07
5.871532917663631575e-07
5.871532917661056595e-07
5.871532917658572671e-07
5.871532917655976515e-07
5.871532917653466121e-07
5.871532917650792673e-07
5.871532917648239928e-07
5.871532917645705182e-07
5.871532917643114320e-07
5.871532917640818860e-07
5.871532917637961183e-07
5.871532917635442319e-07
5.871532917632826046e-07
5.871532917630283888e-07
5.871532917627814787e-07
5.871532917625038637e-07
5.871532917622741060e-07
5.871532917620369367e-07
5.871532917617444986e-07
5.871532917614877418e-07
5.871532917612404081e-07
5.871532917609844983e-07
5.871532917607224475e-07
5.871532917604625143e-07
5.871532917602266156e-07
5.871532917599820348e-07
5.871532917597129960e-07
5.871532917594444865e-07
5.871532917591876238e-07
5.871532917589478076e-07
5.871532917586777100e-07
5.871532917584105769e-07
5.871532917581677961e-07
5.871532917579100863e-07
5.871532917576665644e-07
5.871532917574117133e-07
5.871532917571378041e-07
5.871532917568930115e-07
5.871532917566336077e-07
5.871532917563719804e-07
5.871532917561197763e-07
5.871532917558542315e-07
5.871532917556179093e-07
5.871532917553623171e-07
5.871532917551007957e-07
5.871532917548398037e-07
5.871532917545970228e-07
5.871532917543162314e-07
5.871532917540825562e-07
5.871532917538162702e-07
5.871532917535548547e-07
5.871532917533149326e-07
5.871532917530300119e-07
5.871532917527955955e-07
5.871532917525221098e-07
5.871532917522881169e-07
5.871532917520211957e-07
5.871532917517632741e-07
5.871532917514952941e-07
5.871532917512526191e-07
5.871532917509928977e-07
5.871532917507380466e-07
5.871532917504853132e-07
5.871532917502313092e-07
5.871532917499722230e-07
5.871532917497171602e-07
5.871532917494466390e-07
5.871532917492134932e-07
5.871532917489427603e-07
5.871532917487043205e-07
5.871532917484443873e-07
5.871532917481805365e-07
5.871532917479379675e-07
5.871532917476682933e-07
5.871532917474128070e-07
5.871532917471759554e-07
5.871532917468960111e-07
5.871532917466469834e-07
5.871532917463821797e-07
5.871532917461256346e-07
5.871532917458690895e-07
5.871532917456278968e-07
5.871532917453540934e-07
5.871532917451116303e-07
5.871532917448642966e-07
5.871532917445853052e-07
5.871532917443462301e-07
5.871532917440890497e-07
5.871532917438256225e-07
5.871532917435746890e-07
5.871532917433072383e-07
5.871532917430629752e-07
5.871532917428193474e-07
5.871532917425360148e-07
5.871532917422878342e-07
5.871532917420279009e-07
5.871532917417673324e-07
5.871532917415361983e-07
5.871532917412706535e-07
5.871532917410272374e-07
5.871532917407707982e-07
5.871532917404938184e-07
5.871532917402409791e-07
5.871532917399798812e-07
5.871532917397276771e-07
5.871532917394699673e-07
5.871532917392205161e-07
5.871532917389743472e-07
5.871532917387016026e-07
5.871532917384464339e-07
5.871532917382006885e-07
5.871532917379336613e-07
5.871532917376837866e-07
5.871532917374365589e-07
5.871532917371616967e-07
5.871532917369185982e-07
5.871532917366495594e-07
5.871532917364044492e-07
5.871532917361579626e-07
5.871532917358728302e-07
5.871532917356412725e-07
5.871532917353776335e-07
5.871532917351389820e-07
5.871532917348616846e-07
5.871532917346072571e-07
5.871532917343596058e-07
5.871532917340952256e-07
5.871532917338358218e-07
5.871532917335762062e-07
5.871532917333232610e-07
5.871532917330787861e-07
5.871532917328190646e-07
5.871532917325447318e-07
5.871532917323025863e-07
5.871532917320552527e-07
5.871532917318162835e-07
5.871532917315521151e-07
5.871532917312801116e-07
5.871532917310323545e-07
5.871532917307897854e-07
5.871532917305212760e-07
5.871532917302530842e-07
5.871532917300104092e-07
